VO: [44, 136, 285, 135, 237, 87, 554, 192, 300, 118, 180, 184, 44, 264, 48, 288, 114, 6, 1175, 37, 48, 340, 80, 528, 156, 72, 312, 6, 70, 241]
OI: [924, 82, 3, 736, 343, 408, 264, 48, 161, 503, 288, 216, 198, 254, 48, 688, 260, 156, 72, 219, 292, 324]
IV: [2289, 3517, 651]
VV: [636, 1269, 663, 166, 639, 573, 248, 42, 528, 969, 123, 57, 123, 373, 48]
VC: [1516, 1002, 132, 96, 1142, 178]
CB: [961, 179, 1056, 444, 755, 1033, 252, 228, 562, 354, 90, 2, 84, 267, 108]
BA: [156, 203, 828, 41, 308, 84, 48, 253, 623, 1080, 552, 120, 408, 204, 599, 444, 96, 115, 73, 296]
AJ: [1143, 2124, 144, 156, 441, 63, 225, 519, 9, 384, 421]
JM: [552, 1253, 955, 5, 180, 480, 300, 161, 722, 413]
MB: [1019, 222, 204, 240, 60, 324, 186, 402, 42, 126, 40, 564, 707, 297, 108, 60]
BL: [912, 1782, 54, 972, 696, 1380, 24]
LG: [163, 450, 32, 641, 701, 307, 185, 139, 173, 335, 325, 137, 698, 408, 232, 120, 269, 1237]
GU: [291, 417, 666, 424, 189, 591, 107, 13, 170, 130, 338, 34, 96, 14, 444, 1198, 478, 232, 410, 61, 24, 83]
UK: [90, 12, 3, 300, 135, 600, 729, 135, 93, 444, 27, 27, 111, 461, 490, 438, 918, 516, 231, 582]
KW: [1044, 96, 102, 540, 288, 300, 1199, 1403, 197, 669, 615]
WA: [18, 240, 276, 264, 342, 276, 141, 495, 18, 131, 169, 108, 312, 1362, 264, 201, 48, 63, 486, 375, 507, 123, 288]
AO: [18, 324, 402, 111, 73, 358, 88, 18, 114, 792, 942, 375, 9, 14, 514, 576, 486, 156, 117, 666, 270, 132]
OM: [1596, 229, 1163, 92, 420, 124, 680, 1385]
MD: [72, 1080, 744, 2, 142, 385, 779, 480, 2005, 23, 120]
DA: [435, 1497, 2328, 243, 1209]
AB: [780, 288, 19, 473, 84, 288, 96, 1188, 564, 12, 360, 12, 96, 960, 390, 349, 101, 375, 36]
BT: [61, 293, 96, 51, 129, 192, 15, 171, 42, 144, 495, 88, 68, 72, 15, 96, 597, 396, 324, 184, 368, 556, 120, 92, 597, 295, 324, 104, 88, 143, 255]
TA: [1118, 135, 198, 190, 707, 997, 319, 1588, 292, 216, 751]
AP: [1212, 24, 241, 2358, 269, 2115, 109]
PP: [204, 468, 276, 264, 601, 1063, 569, 659, 588]
PZ: [129, 543, 540, 413, 1820, 144, 412, 60, 1747]
ZS: [30, 12, 84, 107, 80, 359, 540, 66, 60, 679, 1097, 68, 736, 168, 546, 282, 59, 139, 263, 409]
SE: [294, 378, 42, 498, 114, 240, 175, 833, 288, 960, 96, 88, 626, 190, 200, 90, 234, 84, 354, 96, 126, 285]
EC: [672, 540, 520, 332, 7, 101, 148, 723, 1589, 1659]
CQ: [12, 468, 732, 288, 1548, 540, 756, 864, 987]
QF: [553, 336, 323, 84, 229, 611, 361, 228, 168, 647, 48, 348, 265, 96, 71, 1417, 180]
FQ: [1416, 109, 433, 1582, 1760, 329]
QW: [263, 84, 1399, 600, 1164, 322, 1364]
OP: [178, 110, 180, 552, 360, 28, 80, 24, 240, 204, 22, 242, 85, 33, 264, 290, 108, 216, 142, 170, 228, 712, 357, 47, 324, 520, 236]
PK: [432, 36, 336, 228, 144, 48, 226, 38, 24, 12, 516, 600, 324, 84, 34, 50, 151, 324, 630, 263, 696, 48, 688, 20]
KS: [468, 1020, 36, 270, 288, 329, 36, 188, 197, 277, 750, 72, 696, 148, 182, 239, 67, 987]
SB: [450, 18, 120, 138, 68, 327, 157, 210, 306, 306, 156, 270, 285, 21, 519, 171, 16, 5, 123, 336, 912, 228, 54, 145, 72, 354, 362, 204]
BR: [162, 168, 76, 62, 490, 458, 72, 106, 62, 1140, 36, 1194, 1170, 82, 188, 126, 922]
RC: [84, 384, 18, 841, 161, 298, 638, 180, 552, 163, 1284, 593, 238, 171, 578, 84, 72]
QM: [239, 55, 174, 166, 854, 270, 53, 187, 1469, 1729, 18, 240]
MV: [384, 527, 889, 244, 408, 164, 148, 296, 206, 582, 2136, 114, 105]
OG: [34, 206, 181, 101, 102, 60, 109, 228, 144, 57, 704, 30, 180, 138, 1336, 68, 400, 1034, 121, 188, 3, 210, 144, 32, 68, 269]
GK: [240, 138, 246, 60, 1092, 240, 266, 1468, 6, 258, 500, 432, 84, 232, 4, 664, 203, 14, 58, 168, 47]
KU: [505, 204, 591, 57, 78, 5, 51, 478, 336, 203, 25, 17, 1375, 647, 121, 216, 71, 192, 264, 289, 288, 192, 168, 147]
UI: [2264, 651, 314, 289, 1302, 1445]
IE: [84, 533, 43, 77, 300, 15, 462, 42, 522, 1683, 183, 369, 276, 660, 324]
EQ: [184, 1232, 554, 446, 1328, 1224, 184, 1055]
QX: [160, 192, 504, 192, 935, 3832]
XD: [3886, 2467]
DW: [219, 660, 2553, 338, 334, 804, 627, 758]
WF: [326, 144, 336, 216, 780, 348, 925, 162, 252, 1444, 167, 435, 66, 17, 43, 590]
FZ: [193, 86, 105, 219, 876, 633, 12, 15, 33, 231, 357, 49, 275, 183, 204, 417, 168, 43, 269, 26, 490, 216]
SG: [1488, 170, 33, 326, 40, 42, 31, 245, 180, 267, 264, 204, 81, 49, 458, 111, 331, 467, 151, 306, 563, 27, 591]
GN: [605, 103, 278, 238, 431, 175, 510, 385, 239, 312, 169, 106, 87, 118, 397, 167, 36, 336, 492, 96, 2, 12, 298, 107, 81, 336]
NE: [354, 47, 2161, 433, 1775]
EL: [521, 86, 120, 420, 357, 51, 502, 900, 43, 1044, 384, 331, 444, 636]
LR: [1032, 216, 180, 108, 456, 180, 816, 365, 775, 96, 108, 720, 348, 132, 492]
RH: [836, 76, 145, 479, 145, 132, 93, 470, 247, 365, 229, 252, 491, 372, 445, 275, 96, 252, 132, 771]
HH: [526, 128, 413, 154, 326, 31, 918, 605, 1837]
HB: [857, 210, 102, 150, 493, 881, 798, 594, 246, 409, 36, 755, 498]
BG: [700, 504, 116, 424, 600, 300, 175, 11, 366, 240, 78, 78, 144, 12, 30, 64, 506, 30, 108, 140, 100, 404, 46, 108, 31, 47, 314, 96, 339, 97, 75, 33]
GI: [66, 76, 248, 830, 402, 486, 722, 440, 80, 372, 1509]
IZ: [155, 1284, 516, 33, 1032, 27, 480, 168, 200, 1084, 120, 636, 144, 200, 52, 4, 119]
SA: [168, 23, 55, 322, 98, 566, 514, 468, 38, 675, 36, 115, 42, 66, 180, 204, 79, 17, 132, 1026, 138, 371, 87, 4, 510, 11, 286, 84]
AZ: [2292, 828, 96, 406, 264, 169, 769, 10, 590, 807, 84]
ZJ: [240, 396, 396, 338, 514, 96, 144, 168, 612, 312, 360, 576, 900, 672, 567]
JL: [961, 71, 61, 599, 288, 13, 131, 168, 540, 601, 324, 395, 829, 743]
LH: [276, 780, 79, 209, 192, 562, 2853]
HI: [516, 24, 66, 738, 708, 3492]
IG: [503, 312, 156, 556, 741, 995, 451, 446, 19, 183, 869, 828, 180]
GM: [1261, 2401, 1506]
MP: [517, 47, 336, 240, 432, 1357, 312, 324, 144, 239, 60, 325, 1451]
PO: [488, 1736, 336, 924, 66, 132, 826, 578, 289, 225, 72, 72, 164, 12]
GZ: [880, 154, 242, 296, 505, 253, 254, 360, 1004, 60, 328, 560, 326, 98, 456, 206, 115]
ZB: [1572, 54, 1260, 804, 135, 57, 66, 60, 300, 684, 102, 594, 252, 530]
TK: [115, 353, 521, 274, 57, 883, 293, 264, 1557, 1011, 113, 168, 874]
KH: [335, 297, 1167, 242, 1822, 681, 48, 924, 24]
HP: [276, 59, 516, 948, 288, 529, 312, 975, 476, 1285, 218, 30, 12, 62, 125]
PU: [848, 732, 1052, 1800, 888, 948]
UB: [390, 4017]
BF: [1058, 195, 906, 48, 1815, 63, 1497, 243]
FM: [497, 235, 643, 3614, 771]
FA: [420, 263, 864, 569, 151, 906, 18, 1049, 319, 48, 747, 1008]
AR: [168, 252, 390, 720, 924, 627, 27, 486, 24, 1692, 1131]
RT: [252, 1516, 372, 824, 782, 226, 36, 364, 32, 290, 1537]
TV: [1200, 612, 277, 1127, 1164, 24, 1080, 639, 108]
VL: [1200, 12, 300, 562, 518, 300, 168, 113, 43, 1260, 1590, 165]
LW: [421, 287, 766, 14, 481, 714, 312, 36, 977, 367, 66, 54, 209, 211, 252, 252, 198, 246, 24, 72, 65, 87]
WH: [696, 588, 972, 370, 1382, 96, 294, 474, 156, 372, 342]
HN: [2172, 2058, 642, 528, 126, 439]
NL: [2389, 1344]
LT: [2588, 228, 2914]
TU: [1650, 1026, 600, 677, 216, 1283, 349]
KV: [921, 282, 553, 168, 1061, 126, 160, 338, 84, 127, 17, 79, 254, 127, 1526, 42, 132, 79, 332]
VR: [84, 156, 444, 108, 184, 120, 456, 20, 114, 70, 134, 34, 104, 408, 53, 141, 10, 84, 108, 309, 679, 96, 362, 19, 695, 162, 106, 116, 280, 180]
RJ: [876, 240, 1716, 1404, 216, 540, 408]
JF: [1677]
FL: [168, 1509, 591, 132, 408, 207, 1972, 1424]
LX: [276, 2676]
XS: [533, 408, 895, 942, 174, 288, 1584, 12, 432, 228, 711]
SP: [42, 72, 331, 617, 947, 385, 558, 289, 1233, 948, 492, 317]
PR: [57, 684, 84, 12, 24, 339, 197, 329, 599, 627, 89, 172, 1140, 39, 120, 525, 60, 488]
RV: [1726, 85, 245, 567, 329, 119, 827, 877]
VU: [856, 1236, 884, 624, 132, 160]
KQ: [516, 39, 427, 1488, 576, 710, 178, 144, 96, 516, 449, 295, 878]
QU: [114, 96, 28, 121, 157, 169, 780, 422, 1879, 15, 542, 108, 307, 396, 221, 840, 234]
KJ: [1045, 2568, 2042]
JV: [776, 808, 2534, 528, 1501]
VS: [17, 290, 65, 221, 200, 41, 750, 61, 78, 286, 152, 196, 26, 96, 334, 170, 492, 84, 18, 252, 24, 942, 418, 698, 195, 41, 115, 144]
SU: [63, 612, 1297, 1144, 67, 1225]
UR: [858, 240, 2618, 948, 686, 644]
CK: [1356, 300, 343, 696, 48, 612, 568, 308, 1415, 155]
KT: [161, 1063, 312, 1015, 281, 1850, 171, 246, 300, 168, 807, 6]
TG: [220, 148, 384, 80, 1102, 450, 92, 948, 1424, 85, 187, 187, 1067]
GC: [1311, 867, 1318, 336, 87, 1055]
CY: [27, 885, 786, 949, 185, 111, 60, 279, 1047, 366]
YZ: [16, 60, 51, 81, 348, 636, 720, 219, 2328, 281, 484, 666]
ZG: [76, 824, 292, 320, 8, 676, 240, 96, 128, 1236, 60, 337, 677, 526, 348, 203, 72, 52, 116]
EB: [516, 60, 1536, 1332, 48, 360, 48, 303, 1403, 709]
BQ: [219, 135, 138, 84, 90, 93, 195, 162, 66, 57, 207, 252, 44, 84, 178, 426, 127, 842, 171, 67, 110, 153, 6, 105, 39, 45, 51, 330, 342, 223, 134, 708, 63, 291, 78]
QE: [481, 95, 39, 611, 412, 20, 1477, 1065, 276, 314, 111, 393]
EV: [576, 2052, 95, 985, 151, 1427]
SL: [778, 1214, 804, 478, 185, 1737]
LV: [48, 89, 67, 120, 228, 96, 48, 87, 182, 288, 283, 89, 367, 408, 84, 29, 91, 15, 69, 24, 84, 53, 168, 295, 101, 874, 321, 348, 293, 91, 77, 487, 60, 68, 156, 192]
VF: [633, 1992, 900, 276, 540, 216, 252, 612, 286, 69]
FU: [34, 506, 192, 106, 240, 240, 240, 1140, 540, 336, 1692, 506]
UP: [108, 432, 120, 72, 96, 408, 204, 84, 1232, 508, 492, 108, 265, 443, 26, 899, 264]
PQ: [150, 108, 282, 6, 60, 156, 672, 1248, 696, 24, 180, 516, 155, 373, 347, 325, 155, 928]
QY: [227, 175, 138, 567, 2456, 1482, 97, 663, 69]
ZL: [76, 26, 58, 380, 934, 435, 809, 82, 804, 324, 936, 468]
LY: [4422]
YV: [258, 66, 19, 419, 342, 315, 675, 38, 64, 546, 96, 108, 150, 23, 229, 168, 648, 36, 171, 51, 516, 45, 159, 84, 510, 78]
VM: [490, 396, 1406, 887, 985, 36, 10, 1500, 385, 30]
MZ: [131, 24, 504, 1044, 575, 517, 440, 132, 232, 324, 924, 12, 971]
ZC: [504, 270, 1530, 174, 690, 2880, 80]
YI: [216, 156, 1075, 269, 600, 640, 596]
ID: [372, 172, 848, 132, 1344, 952, 2012, 175, 396]
DY: [3780]
YY: [1668, 210, 1429, 144, 1469, 6, 204]
YB: [309, 372, 228, 144, 591, 1560, 1917, 554, 10]
AX: [1464, 695, 49, 180, 600, 1230, 1224, 933]
ZN: [1002, 840, 1608, 1146, 114, 480]
NT: [276, 252, 264, 36, 300, 108, 60, 168, 276, 12, 1596, 468, 72, 276, 156, 168, 140, 4, 1419, 240]
TF: [276, 408, 144, 84, 367, 17, 168, 288, 771, 269, 305, 719, 348, 324, 454, 830]
FP: [684, 1396, 860, 1515]
RP: [4347]
PN: [55, 98, 117, 552, 63, 324, 72, 177, 63, 96, 204, 22, 818, 69, 493, 170, 843, 501, 969]
NX: [72, 564, 780, 168, 33, 204, 15, 2754, 114, 324, 6, 210, 132, 741, 115]
XL: [72, 98, 785, 264, 161, 456, 1735, 1037, 96, 511, 29, 139, 437, 178, 36]
GF: [45, 231, 206, 876, 645, 197, 132, 192, 382, 57, 38, 1272, 490, 507, 354, 465, 95, 143, 16]
UN: [1284, 444, 1942, 40, 1876]
NZ: [1680, 168, 636, 192, 600, 468, 96, 1608, 348, 72]
ZV: [1328, 760, 888, 440, 168, 1132, 272, 568, 491, 96, 111, 12]
OE: [52, 8, 118, 72, 4, 214, 104, 1345, 171, 308, 342, 298, 40, 186, 144, 46, 1112, 152, 118, 198, 209, 303, 14, 226, 219]
EH: [178, 660, 1250, 288, 48, 612, 24, 564, 442, 98, 322, 108, 122, 984, 84]
HG: [167, 445, 104, 386, 48, 890, 8, 166, 172, 117, 533, 476, 84, 372, 158, 590, 59, 189, 890, 351]
GS: [441, 171, 1176, 348, 558, 426, 36, 6, 50, 67, 117, 1112, 758, 230, 144, 517]
UQ: [449, 163, 1440, 288, 228, 168, 384, 1020, 1488]
QL: [48, 228, 228, 627, 986, 523, 309, 915, 885, 120, 987]
RX: [294, 162, 450, 106, 350, 72, 354, 570, 339, 411, 390, 504, 96, 132, 642, 336, 240, 354, 96, 30, 417]
XG: [204, 327, 416, 633, 208, 2199, 401, 424, 204, 144, 48, 212, 264, 590]
GD: [107, 2417, 768, 240, 1296, 447, 672]
DE: [338, 1152, 282, 286, 332, 408, 36, 1916]
EG: [1412, 784, 306, 503, 1651, 1335]
GB: [5, 151, 186, 709, 22, 540, 895, 942, 11, 408, 348, 13, 438, 1049, 223, 195]
BX: [342, 402, 768, 21, 216, 783, 240, 192, 516, 576, 420, 108, 288, 504, 216, 336, 12]
XT: [5922]
KG: [337, 279, 188, 352, 116, 1117, 132, 12, 67, 432, 377, 36, 624, 71, 768, 736, 37, 56]
RL: [588, 302, 586, 1123, 1387, 96, 257, 163, 545, 280, 555, 64]
LC: [105, 1011, 1629, 804, 504, 272, 808]
CJ: [1116, 744, 1185, 644, 1096, 63, 483]
JY: [1116, 939, 163, 2409]
LQ: [43, 329, 336, 636, 823, 893, 564, 391, 317, 31, 209, 143, 325, 281, 369, 94]
XO: [119, 790, 237, 231, 156, 96, 531, 21, 180, 63, 333, 1452]
PA: [1454, 588, 864, 132, 540, 7, 101, 708, 1635, 247]
AN: [389, 828, 159, 68, 365, 961, 734, 113, 48, 137, 462, 97, 221, 31, 371, 256, 112, 216, 620, 156]
NA: [3504, 294, 719, 337, 696]
AI: [612, 60, 480, 909, 12, 96, 915, 60, 873, 267, 768, 521]
IW: [915, 957, 129, 60, 2151, 539, 685]
WG: [77, 262, 501, 186, 36, 155, 276, 223, 5, 462, 580, 38, 60, 264, 307, 173, 31, 660, 408, 342, 384, 204, 216, 194, 205]
FI: [212, 909, 46, 314, 2560, 848, 1155]
LS: [12, 641, 1021, 252, 60, 299, 697, 48, 384, 264, 432, 155, 565, 612, 228, 258, 333]
NP: [1145, 1268]
PW: [84, 244, 1400, 258, 34, 732, 372, 20, 486, 342, 76, 465, 383, 352]
WQ: [96, 1467, 2072, 2023, 351, 240]
UO: [312, 1068, 388, 2204, 55, 600, 225, 44, 84, 40, 1179, 12]
AY: [243, 180, 403, 479, 30, 735, 153, 450, 210, 303, 696, 1152, 3, 1082]
YE: [1950, 56, 360, 924, 226, 50, 1068, 286]
EO: [82, 326, 104, 390, 42, 500, 140, 1180, 254, 14, 1048, 319, 81, 424, 320, 183, 644]
ED: [2678, 562, 732]
DN: [714, 960]
LA: [1376, 2031, 204]
AF: [120, 204, 1067, 432, 89, 704, 134, 36, 1534, 47, 36, 709, 396]
LU: [404, 2364]
PL: [552, 72, 540, 168, 4488, 31]
QO: [374, 508, 854, 264, 786, 60, 472, 356, 74, 193, 31, 68, 280, 544, 1273]
OW: [1025, 1240, 228, 511, 36, 2353]
WY: [263, 315, 1038, 408, 987, 894, 711, 1257]
ZZ: [2374, 277]
RR: [108, 113, 455, 156, 1, 23, 392, 232, 151, 90, 162, 282, 359, 1, 30, 354, 187, 264, 240, 148, 84, 96, 1, 95, 1, 402, 677, 1, 719, 1]
RA: [995, 400, 1577, 1800, 1179, 136]
AK: [550, 516, 3554, 430, 1185]
KI: [996, 288, 372, 900, 360, 139, 340, 143, 554, 528, 790, 72, 72, 158, 12]
IO: [168, 577, 1357, 106, 50, 228, 852, 274, 112, 186, 148, 178, 602, 216, 382, 171, 59]
OS: [794, 291, 539, 252, 991, 869, 93, 544, 539]
SN: [1235, 708, 1302, 186, 606, 1110, 558, 315]
NM: [1184, 240, 196, 43, 209, 71, 183, 438, 40, 1286, 226]
MQ: [4584, 11]
QD: [401, 2635, 624, 1272]
AM: [117, 1425, 270, 212, 156, 40, 312, 342, 273, 15, 300, 873, 24, 48, 1062, 633, 65, 55]
MF: [236, 468, 11, 25, 204, 119, 193, 288, 636, 314, 562, 408, 392, 220, 372, 936, 60]
VK: [1962, 1634, 15, 1335]
KR: [812, 876, 10, 2210, 96, 1114, 686]
RQ: [91, 1119, 543, 1708, 122, 642, 120, 804, 1125]
ZO: [147, 342, 1325, 83, 48, 1243, 643, 534, 48, 252, 208, 404, 274]
OO: [48, 289, 1, 250, 487, 258, 715, 187, 228, 580, 145, 160, 921, 34, 878, 240]
TI: [893, 1254, 1406, 948, 912, 751, 6]
IS: [1458, 408, 456, 1302, 1669, 281]
SI: [795, 477, 241, 42, 522, 1314, 642, 594, 1028, 153, 130, 300]
IJ: [1052, 360, 219, 981, 279, 585, 432, 108, 579, 285, 1095]
JD: [3787, 84]
DP: [108, 288, 60, 156, 672, 1140, 108, 300, 247, 149, 24, 180, 355, 941, 384, 36, 267, 816]
GG: [1, 125, 156, 534, 612, 162, 54, 1, 173, 67, 407, 426, 6, 318, 6, 157, 275, 131, 135, 466, 1, 70, 271, 11, 445, 1089, 1]
DS: [109, 2274, 312, 36, 192, 253, 11, 216, 673, 179, 1447, 164]
SM: [2148, 36, 222, 1078, 740, 288, 196, 32]
MG: [2796, 639, 39, 684, 631, 552, 155]
UW: [745, 362, 72, 870, 666, 37, 1000, 44, 1120, 1042]
WM: [684, 240, 1034, 682, 804, 324, 1644]
CS: [90, 156, 150, 42, 702, 644, 562, 168, 126, 492, 312, 181, 590, 5, 511, 984]
SZ: [119, 277, 356, 644, 795, 706, 563, 48, 295, 600, 234, 17, 210, 723, 324, 48, 246]
JP: [1644, 973, 47, 61, 1163, 924]
WS: [6, 414, 6, 394, 24, 1028, 858, 358, 655, 956, 935]
AQ: [146, 154, 120, 33, 749, 550, 1440, 628, 516, 384, 584, 492, 103, 20]
QQ: [420, 1115, 3542]
QZ: [172, 248, 1140, 228, 228, 78, 154, 91, 36, 385, 792, 336, 300, 120, 48, 924, 468, 159, 204]
ZW: [420, 696, 420, 16, 230, 161, 461, 356, 36, 379, 870, 267, 48, 192, 548, 126, 58, 344, 100, 63]
NW: [663, 240, 153, 52, 470, 3936, 48, 576, 15]
UY: [1211, 28, 1024, 1928, 612, 714, 270, 252]
YW: [219, 245, 19, 5, 1590, 1092, 1777, 71, 604, 117, 236]
WX: [720, 362, 4198, 854]
OF: [268, 272, 270, 528, 666, 138, 1785, 162]
ZQ: [295, 1781, 19, 957, 524, 54, 1012, 240, 86, 192, 540, 250]
MY: [161, 997, 546, 3038, 291]
SS: [933, 494, 220, 57, 1307, 46, 200, 1096, 236, 966, 1]
ST: [153, 384, 396, 771, 27, 438, 1980, 390, 553, 90, 42, 126, 90]
TX: [1428, 276, 58, 1963, 1159, 468, 517]
GL: [1222, 662, 1320, 100, 204, 399, 314, 355]
BP: [1133, 180, 414, 588, 780, 114, 30, 36, 132, 637, 767, 289, 24, 120, 81, 144, 510]
PB: [1020, 707, 588, 3041]
UV: [508, 771, 98, 2151, 89, 7, 784, 849, 302, 496]
VA: [513, 236, 193, 435, 539, 43, 30, 720, 819, 615, 768, 306, 55]
PD: [154, 4920, 316, 249]
DR: [310, 878, 408, 660, 1524, 560, 1288]
RB: [575, 253, 745, 23, 24, 456, 2250, 654, 168, 444, 96]
AA: [1908, 50, 1126, 733, 551, 1, 977, 712]
FB: [76, 153, 399, 636, 1059, 846, 192, 1464, 123, 44, 934]
IB: [940, 1580, 552, 144, 168, 84, 948, 372, 264, 250, 144, 50]
TS: [747, 49, 678, 223, 1486, 26, 1127, 336, 324, 60, 575, 90]
SV: [222, 453, 847, 230, 22, 318, 8, 456, 276, 132, 610, 314, 216, 780, 72]
VQ: [876, 107, 1043, 754, 411, 37, 391, 243, 26, 502, 614, 395, 157, 389, 138, 84]
FF: [2466, 1414]
FJ: [2385, 1848, 948]
JW: [768, 279, 768, 294, 312, 1539, 1164]
XC: [462, 1482, 969, 921, 498]
CG: [140, 2428, 1590, 530, 262]
GR: [108, 384, 72, 52, 43, 217, 672, 288, 288, 101, 187, 420, 12, 593, 84, 535, 17, 55, 65, 120, 151, 48, 59, 37, 65, 31, 156, 180, 100, 116, 84, 621]
RM: [108, 384, 72, 312, 383, 780, 85, 275, 433, 803, 60, 60, 301, 408, 48, 96, 371, 361]
MA: [1265, 278, 1217, 881, 60, 422, 283, 443, 263]
MH: [805, 604, 421, 174, 54, 31, 1905, 140, 288, 228, 396, 306, 348, 417]
HO: [4, 612, 200, 3617, 859]
OX: [743, 254, 1183, 1603, 580, 630, 487, 296]
GH: [938, 1066, 168, 165, 935, 110, 374, 146, 12, 201, 195, 1364, 328, 71, 74]
SD: [348, 208, 465, 1058, 172, 173, 400, 264, 1206]
XW: [504, 1127, 540, 67, 84, 564, 312, 48, 24, 576, 420, 108, 288, 504, 39, 177, 144, 99]
WE: [504, 1182, 108, 742, 554, 603]
EY: [30, 96, 210, 168, 1562, 112, 306, 102, 36, 468, 354, 1524]
VD: [988, 504, 64, 188, 204, 536, 98, 962, 264, 305, 871, 855, 168]
SF: [90, 415, 168, 864, 41, 888, 39, 483, 577, 83, 853, 419, 253, 360, 210]
FY: [2359, 282]
YN: [25, 96, 334, 2186, 372, 396, 300, 672, 966]
EM: [204, 1572, 192, 348, 2286]
MJ: [775, 593, 408, 3319, 444, 96, 260, 23, 44]
JH: [928, 302, 1642, 360, 660, 1800, 255, 108]
HU: [126, 66, 366, 636, 270, 228, 390, 54, 54, 366, 696, 438, 96, 822, 102, 84, 228, 102, 252, 573]
PV: [1464, 618, 474, 1092]
VG: [631, 341, 44, 131, 317, 975, 1349, 65, 474, 384, 257, 347, 436, 156, 84]
KK: [330, 1221, 1317, 756, 936, 8, 403, 147]
KM: [852, 504, 295, 1025, 67, 721]
EF: [2282, 228, 840, 840]
NF: [382, 254]
ZP: [125, 1937, 3019, 168]
RU: [408, 96, 48, 50, 586, 98, 162, 252, 1056, 1260, 688, 512, 100]
UJ: [1365, 1620, 1596]
JK: [126, 409, 240, 83, 1232, 204, 2104, 253, 743]
KA: [535, 240, 293, 780, 876, 283, 396, 1461, 1043]
AG: [5, 321, 698, 1894, 924, 408, 744, 131]
FW: [623, 168, 96, 672, 2472, 1188, 45, 787]
WD: [1505, 292, 1104, 132, 792, 1752, 92]
II: [1960, 378, 542, 256, 812, 900]
IQ: [1957, 347, 169, 108, 174, 1370, 639, 477]
QN: [1681, 1695, 539, 169, 20, 90, 130, 1106, 327, 63, 183, 93]
EA: [441, 41, 144, 631, 3, 2090, 360, 442, 217, 384, 109, 1052]
GP: [48, 324, 153, 75, 144, 100, 248, 516, 600, 324, 84, 84, 1109, 259, 472, 141, 60, 71, 156, 441, 135]
KY: [323, 49, 228, 144, 3348, 720]
TY: [372, 2671, 1080, 5]
VX: [388, 738, 36, 204, 552, 180, 1440, 168, 48, 1800]
XQ: [796, 834, 1896, 672, 162, 392, 468, 505, 12, 66]
BZ: [3168, 318, 641, 954]
ZU: [647, 332, 108, 132, 928, 212, 341, 227, 1044, 264, 416, 673, 583, 44]
UA: [2076, 42, 114, 924, 1848, 939]
YR: [301, 259, 1493, 2107, 1695]
XB: [928, 212, 84, 840, 333, 807, 492, 48, 1860, 447]
BE: [1006, 1272, 48, 375, 203, 187, 1314, 1404]
ES: [1641, 124, 311, 625, 324, 272, 1059, 36, 13, 600, 878]
ZY: [116, 204, 1068, 228, 228, 1358, 264, 550, 222, 176, 60, 1102]
YS: [997, 48, 1253, 396, 36, 183, 405, 228, 1369, 74, 732]
FR: [24, 402, 89, 559, 245, 636, 876, 25, 264, 119, 612, 67, 305, 7, 24, 1551, 54, 180]
RO: [515, 439, 240, 300, 750, 90, 490, 769, 43, 618]
RG: [48, 481, 267, 26, 222, 263, 209, 1145, 128, 30, 30, 52, 208, 203, 100, 392, 129, 484, 60, 196, 540, 348, 63, 200, 179]
DL: [2135, 703, 3207]
YO: [481, 64, 475, 289, 507, 195, 462, 36, 104, 383, 1390, 60, 115, 207, 416, 426, 357]
OB: [1020, 1500, 588, 1875, 513]
TW: [336, 298, 554, 156, 72, 708, 396, 876, 768, 235, 1206, 105, 5]
GY: [288, 75, 712, 585, 156, 260, 508, 32, 220, 410, 42, 228, 748, 366, 30, 888, 227]
NQ: [5005, 526]
QK: [96, 459, 165, 1332, 627, 393, 135, 444, 81, 15, 525, 171, 240, 36, 141, 540, 147, 204]
XU: [324, 176, 3719, 5, 876, 174]
UH: [70, 3, 132, 12, 178, 470, 490, 252, 694, 362, 1248, 12, 494, 178, 228, 46, 208, 46, 724, 181]
HX: [579, 84, 540, 981, 564, 360, 24, 327, 249, 420, 108, 225, 63, 228, 84, 192, 216]
XH: [661, 527, 822, 2512]
OJ: [616, 1098, 3712]
JQ: [5532, 233]
AT: [397, 209, 2107, 1448, 348, 431]
KC: [1126, 338, 45, 237, 544, 1883, 312, 12, 817]
GJ: [341, 132, 684, 315, 105, 355, 312, 180, 617, 180, 1065, 87]
MR: [2609, 1276]
GT: [160, 416, 333, 300, 208, 80, 123, 1644, 513, 768, 444, 24, 610, 221]
TZ: [466, 924, 96, 2266, 664, 1527]
GO: [486, 6, 115, 149, 191, 31, 180, 23, 253, 628, 326, 834, 648, 108, 6, 626, 18, 274, 268, 116, 535]
OZ: [60, 674, 154, 240, 934, 206, 568, 728, 972, 24, 192, 961, 150, 12, 106]
ZA: [493, 364, 596, 135, 752, 1216, 81, 676, 98, 654, 48, 174]
FH: [12, 148, 188, 312, 1296, 172, 56, 168, 1404, 793, 695, 180, 199]
HJ: [145, 5123, 629]
KN: [498, 774, 84, 310, 1442, 1164, 72, 1311, 300]
NC: [29, 59, 103, 737, 445, 918, 749, 751, 12, 29, 136, 1089, 54, 77, 792]
CI: [88, 36, 804, 176, 842, 22, 206, 94, 1116, 676, 466, 766, 451]
GE: [197, 1339, 900, 828, 475, 824, 184, 554, 493]
HF: [1344, 996, 126, 114, 371, 192, 425, 1039]
MT: [2952, 776, 659, 272]
TH: [1281, 1143, 528, 914]
IN: [1827, 243, 813, 93, 1980, 39]
ND: [339, 237, 2148, 159, 225, 122, 553, 189, 792, 144, 87]
DM: [576, 120, 108, 516, 2, 565, 81, 747, 9, 384, 1736, 64, 639, 408]
PX: [47, 1999, 468, 1020, 468, 120, 228, 696, 288, 423]
XF: [3822, 2121]
BS: [369, 348, 1560, 362, 3244]
FO: [1916, 408, 108, 942, 156, 42, 58, 1922]
OA: [158, 388, 180, 80, 181, 522, 341, 820, 234, 66, 258, 48, 198, 92, 64, 342, 74, 168, 4, 6, 318, 309, 948, 36, 2, 118, 14]
CZ: [165, 669, 660, 2268, 276, 3, 81, 792, 114, 54, 596, 142]
YH: [71, 1201, 228, 316, 38, 130, 1070, 32, 1131, 366]
HC: [135, 12, 648, 1670, 448, 1122, 969, 408, 546]
CU: [132, 504, 2028, 2172, 168, 588]
IA: [774, 30, 870, 24, 233, 351, 74, 446, 32, 242, 19, 245, 403, 120, 425, 482, 234, 172, 187]
MK: [1464, 216, 84, 288, 60, 1164, 768]
KO: [159, 399, 933, 228, 708, 247, 2127, 1016]
OL: [30, 523, 420, 401, 1051, 943, 401, 329, 398, 341, 77, 55]
UU: [1177, 499, 1, 400, 2372, 650, 660, 1]
QS: [386, 250, 1159, 501, 456, 318, 160, 718, 370, 378, 200]
AV: [790, 228, 13, 294, 254, 108, 274, 194, 1566, 556, 67, 285, 591, 386]
SH: [324, 2496, 540, 78, 474, 444, 1008]
HR: [472, 218, 312, 84, 10, 698, 24, 276, 46, 680, 300, 42, 202, 14, 60, 10, 206, 198, 60, 150, 462, 1195]
XE: [2082, 2472, 1089, 7]
TO: [496, 203, 244, 143, 1180, 474, 2067]
UL: [358, 182, 96, 108, 89, 1027, 108, 156, 312, 1049, 295, 185, 127, 768, 444, 96]
CA: [99, 9, 60, 60, 480, 39, 114, 756, 30, 54, 99, 737, 88, 15, 60, 60, 3, 648, 48, 138, 123, 255, 48, 174, 1638, 3, 72]
YG: [1473, 2373, 1850, 184]
LO: [948, 170, 532, 1188, 216, 108, 246, 744, 1343]
RS: [157, 251, 1460, 600, 1768, 53, 297, 682]
SQ: [460, 230, 132, 354, 312, 90, 290, 113, 17, 462, 59, 513, 190, 348, 90, 330, 108, 162, 120, 894]
MI: [360, 1176, 1068, 1080, 541, 143]
IY: [188, 421, 517, 371, 621, 432, 300, 133, 143, 1065, 401]
IF: [245, 336, 108, 319, 69, 468, 620, 118, 318, 39, 942, 831, 201, 804, 354]
LD: [2436]
VN: [126, 2034, 600, 528, 1905, 159]
TP: [253, 3543, 1341]
DQ: [719, 2447, 61, 635, 37, 431, 324, 36, 360, 289]
QC: [66, 678, 1096, 1492]
JI: [1446, 1073, 650, 77, 883, 1308]
SK: [141, 421, 72, 101, 1348, 432, 1725]
JG: [705, 90, 1425, 552, 468, 600, 447]
UX: [278, 128, 1754, 468, 588, 1618, 761]
TB: [812, 327, 372, 576, 1656, 1110, 610]
BI: [407, 1478, 1080, 2498]
IP: [1488, 222, 1970, 735, 1048, 300]
PM: [237, 14, 49, 191, 1908, 1896, 1004, 164, 142]
MO: [471, 67, 13, 611, 252, 4049, 358]
KF: [2376, 207, 306, 1457, 238, 879, 99]
HW: [1102, 566, 24, 918, 66, 139, 839, 2085]
YC: [102, 635, 3353, 686, 849, 107]
EK: [24, 576, 441, 171, 1494, 486, 48, 624, 420, 12, 249, 324, 51, 144, 90]
AU: [432, 216, 312, 553, 623, 988, 372, 600, 9, 647, 218, 226, 96, 72, 447]
US: [92, 493, 1152, 1217, 52, 1404, 631, 495, 36, 239]
OV: [427, 160, 367, 588, 1013, 229, 48, 591, 31, 470, 252, 18, 594, 372, 66, 132, 24]
OH: [1752]
HV: [188, 499, 131, 370, 386, 96, 78, 4, 60, 141, 509, 420, 285, 57, 204, 102, 36, 105, 3, 174, 48, 60, 78, 300, 249, 237, 282, 376, 285]
VY: [1462, 162, 124, 4, 710, 254, 166, 648, 36, 390, 608, 538, 335]
RN: [221, 1483, 48, 84, 120, 132, 936, 492, 53, 31, 19, 305, 24, 900]
NI: [260, 1401, 456, 907, 497, 48, 50, 406, 1750]
LK: [386, 502, 439, 1195, 418, 240, 2540]
QA: [27, 60, 60, 633, 383, 107, 1929, 248, 45, 275, 100, 108, 92, 492, 85, 311, 325]
WW: [438, 342, 516, 513, 1551, 2043]
WN: [780, 2571, 2319]
XM: [132, 264, 2925, 1512]
WV: [95, 1608, 228]
MS: [60, 932, 172, 720, 728, 300, 305, 283, 708]
SJ: [60, 422, 2098, 1939]
JO: [60, 492, 66, 1808, 154, 2132]
OQ: [60, 60, 234, 6, 140, 678, 226, 74, 30, 1872, 234, 108, 706, 218, 919]
AC: [60, 832, 641, 924, 569, 579, 91, 113, 48, 763, 478, 79, 11, 410]
IR: [1044, 1404, 24, 60, 1476, 348, 888]
BW: [1370, 1198, 764, 330]
YL: [2777, 358]
CD: [1104]
CH: [1500, 2454]
HT: [495, 1497, 2568]
KB: [36, 1716, 924, 528, 48, 1200, 360, 240]
FV: [216, 3, 682, 443, 972, 1479, 1284]
VI: [1353, 442, 134, 636, 768, 770, 416]
NB: [792, 2221, 420, 408, 1466]
BV: [166, 442, 788, 176, 1949, 955, 502]
YK: [1459, 234, 461, 60, 39, 706, 89, 799, 929, 78, 313]
QJ: [480, 48, 1044, 305, 180, 1291, 360, 168, 65, 1277]
JE: [816, 2064, 432, 132]
RD: [672, 1671, 273, 636, 546, 240, 18, 444]
VW: [1013, 260, 1000, 1271, 433, 1545, 12, 75]
FS: [168, 987, 405, 372, 282, 1134, 687, 993]
RZ: [197, 2029, 756, 815, 157, 1479]
CN: [1491, 3344]
WP: [846, 57, 543, 237, 165, 3204]
ME: [264, 259, 149, 948, 133, 815, 1107, 225, 175, 1239]
UG: [736, 120, 891, 683, 682, 1386, 462, 150, 144, 48, 87, 55, 26]
ZI: [2064, 502, 1658]
IC: [1857, 3, 1533]
CP: [1338, 1023]
MC: [1809, 84, 96, 468, 696, 516, 48, 1594, 221]
UM: [213, 60, 504, 468, 2220, 29, 79, 424, 536, 444, 96, 206]
AW: [240, 709, 1332, 191, 615, 442]
WB: [240, 114, 144, 313, 129, 482, 240, 79, 459, 74, 240, 49, 126, 245, 331, 222, 11, 109, 78, 108, 111, 177, 281, 223, 216, 560]
BN: [240, 528, 2166, 564, 1971]
FG: [121, 151, 269, 192, 991, 162, 66, 55, 84, 84, 501, 392, 475, 34, 728, 424, 36]
XY: [4413]
OK: [16, 6, 492, 314, 1127, 144, 2081, 1110]
NO: [322, 2794, 1469]
IH: [1490, 3250]
OU: [738, 775, 228, 1362, 24, 186, 757, 1310]
LM: [182, 861, 648, 2017, 322, 753]
KE: [804, 1658, 514]
HQ: [756, 1764]
SO: [1235, 1184, 144, 1428]
VP: [482, 784, 1506, 1318, 812, 72, 102, 30, 381]
LB: [3107]
IX: [2640, 540]
UC: [1083, 153, 1203, 1377]
NK: [106, 852, 2562]
VT: [771, 585, 36, 840, 67, 181, 127, 585, 183, 146, 322, 1017, 294, 300, 33]
XK: [2064, 498, 534, 96, 1260, 318]
XI: [501, 156, 531, 126, 1263, 576, 1041]
EZ: [261, 130, 513, 807, 95, 58, 939, 317, 141, 511, 1160, 310]
BB: [276, 480, 1, 337, 34, 647, 1585, 726, 167, 1191]
BM: [545, 331, 96, 588, 716, 153, 492, 60, 751, 23, 1116, 110]
MU: [120, 60, 108, 1116, 3928]
UF: [120, 156, 72, 240, 2, 22, 484, 632, 540, 336, 1436, 256]
ZD: [2256, 2352, 420, 39, 163]
DH: [624]
OT: [1247, 1926]
SR: [768, 252, 540, 457, 1789, 11]
AE: [1206, 210, 156, 485, 595, 377, 77, 420, 108, 43, 667]
FC: [1816, 439, 973, 540, 76, 164, 504, 172, 90, 353]
FT: [2837, 415]
WU: [36, 716, 316, 1238, 2050, 444, 96]
BO: [254, 2142, 1625, 690, 51]
JN: [131, 108, 501, 3873]
LZ: [399, 3572, 281, 731]
DT: [1114, 159, 2760]
PG: [999, 201, 132, 196, 80, 225, 7, 97, 676, 624, 450, 281, 868]
QT: [4520, 396, 355]
IT: [1205, 423]
TE: [798, 490, 588, 11, 171, 744, 118, 384, 1004]
QG: [978, 510, 335, 764, 22, 247, 977, 158, 134, 240, 822]
GW: [1698, 55, 4]
JR: [732, 109, 160, 991, 678, 1026, 103, 353, 168, 126, 318, 96, 327]
HM: [2082, 1232, 578, 1309]
TM: [3579]
BC: [3827, 696, 150]
WR: [1169, 217, 243, 171, 36, 141, 867, 587, 274, 555, 444, 96]
GX: [2388, 1692, 856]
AS: [24, 120, 693, 144, 1775]
NH: [1501, 2784, 216]
YD: [888, 2425]
LJ: [108, 113, 684]
GV: [97, 30, 12, 38, 132, 37, 299, 448, 12, 30, 137, 117, 34, 648, 60, 750, 57, 33, 735, 377, 10, 237, 93, 216, 101, 236, 108, 32, 150]
RI: [741, 171, 593, 948, 816, 511, 77, 528]
FN: [44, 486, 91, 965, 402, 738, 1537]
KZ: [289, 3480, 444]
ZH: [2802, 511, 1418]
ZX: [1056, 2004, 1782]
QR: [191, 1638, 942, 897, 627, 552, 111]
OY: [102, 558, 2551, 497, 112, 92, 414, 132, 639]
YU: [931, 653, 876, 655, 293, 1330, 294]
VZ: [840, 60, 299, 97, 456, 192, 1260, 27, 21, 924, 120, 87, 333, 14, 25]
VJ: [216, 118, 146, 1317, 264, 747, 528, 240]
WZ: [540, 816, 506, 1092, 796, 294, 204, 144, 609, 12]
PE: [677, 220, 4002]
ET: [149, 175, 809, 24, 789, 2040, 27]
KP: [240, 470, 670, 286, 2, 552, 204, 732]
QH: [31, 336, 396, 933, 360, 12, 12, 180, 1813, 496, 222]
VB: [7, 252, 216, 3039, 105, 470, 702]
BK: [67, 124, 1189, 732, 756, 467, 179]
QB: [1272, 396, 2742, 335, 4, 240]
ZM: [1164, 7, 29, 1423, 473, 1392, 168, 358]
HA: [397, 252, 1056, 931, 1529]
PH: [275, 1299, 333, 264, 336, 1897]
HS: [300, 848, 3256]
RK: [108, 1211, 342, 540, 1770, 397]
KL: [1027, 204, 108, 234, 376, 1076, 575]
QV: [720, 166, 1468, 274, 1076, 160, 1143]
ZT: [2834, 678]
YF: [1338, 210, 1608]
NS: [122, 1200, 513, 409, 12, 632, 304, 64, 493, 115, 434]
OR: [207]
XP: [1446, 36, 42, 916, 2285]
XA: [410, 276, 3466, 336]
AH: [288, 1044, 1027, 93, 116, 528, 410, 178, 360, 108]
HZ: [228, 612, 2640, 987]
FD: [240, 768, 864, 372, 1668]
DB: [1711, 533, 247, 1959]
AL: [222, 252, 60, 108, 888, 48, 198, 186, 84, 180, 432, 420, 912, 48, 180, 591]
OD: [54, 943, 312, 36, 181, 718, 625, 1487]
DU: [1235, 1058]
FK: [230, 10, 230, 136, 42, 258, 696, 327, 348, 2133]
CE: [299, 362, 84, 169, 225, 48, 718, 279, 317, 498, 927, 723]
AD: [549, 783, 801, 1164, 39, 696, 756]
DC: [621, 711, 180, 684]
CT: [1332, 2216]
UT: [876, 384, 228, 2888]
FE: [1206, 818, 1890, 127]
CF: [150, 447, 321, 846, 390, 456]
TQ: [26, 3487, 809]
EP: [1669, 144, 168, 1188, 216, 326]
PC: [600, 526, 840, 1788]
XV: [204, 1008, 677, 703, 216, 660, 315, 588]
RW: [822, 619, 2085]
BU: [431, 1825, 372, 35, 893, 548, 351]
MM: [1, 264, 588, 479, 181, 107, 601, 624, 583, 124, 349, 373, 218]
IK: [601, 1235, 1129, 107, 193, 1118, 276, 24]
NV: [424, 1296, 116, 13, 191, 1032, 731, 109, 16, 455, 49, 251]
ZK: [116, 52, 456, 605, 367, 416, 52, 96, 587, 21, 48, 51, 380, 493, 828, 9]
WT: [235, 1481, 781, 174, 1671]
DJ: [252, 1800, 2191, 104, 168]
JC: [510, 855, 144, 21, 1383]
SW: [2124, 1584, 144]
ER: [1548, 2196]
UE: [1454]
LF: [1346, 696, 702, 366]
WO: [24, 540, 2701, 1124, 72]
QI: [395, 1496, 1392, 317, 580]
NN: [1401]
YQ: [732, 180, 1611, 627]
DG: [118, 1306, 2923]
UD: [1288, 1148, 228, 681, 1107]
DZ: [2436, 163, 65, 312, 696]
EU: [500, 433, 1044, 647, 1552]
RY: [722, 238, 98, 274, 354, 1698, 444, 96, 351, 132]
JS: [331, 1107, 669, 60, 468, 156, 401, 235, 216, 192, 41]
PS: [131, 73, 1715, 927, 514, 168, 824]
GQ: [843, 91, 828, 366, 1572]
ZR: [648, 39, 336, 106, 222, 300, 336, 162, 1830, 75, 294]
RF: [264, 138]
NY: [744, 624, 1743, 405]
KX: [42, 672, 742, 835, 834]
CO: [3685, 541]
EI: [2798, 661]
HY: [3395, 361]
LP: [151, 389, 75, 633, 132]
TL: [240, 1668, 504, 1320]
LE: [2232, 257]
ON: [245, 3047]
NG: [624, 312, 60, 420, 600, 336, 492, 96, 188]
NJ: [3, 115, 204, 763, 708]
TN: [1921, 443, 396, 321]
NR: [2422, 969]
EX: [3177, 484]
BH: [1338, 163, 939, 933]
TC: [1692, 914, 1210]
DO: [2787, 256, 459]
VH: [240, 364, 212, 210, 384, 1020, 124, 84, 238, 491]
CC: [972, 186, 1724]
YT: [2496, 98]
MW: [1371, 1337, 903]
GA: [70, 338, 62, 862, 628, 306, 208, 476, 150, 32, 559]
ZF: [1719, 1294, 443]
YM: [918, 684]
LN: [2672]
DI: [319, 1005, 1368]
PJ: [108, 840, 1903, 233]
PI: [108, 407, 3, 141, 3, 165, 232, 1172, 701, 271, 64]
SY: [95, 60, 649, 83, 132, 672, 144, 882, 669, 150]
UZ: [519, 623, 1618, 60]
HL: [1548, 516, 93, 189, 1185]
JA: [1032, 1695]
VE: [2259]
LI: [906, 444, 1371, 266]
WK: [258, 2046]
ML: [1344, 120, 432, 960, 168]
SC: [772, 11]
DV: [264, 726, 1816]
TT: [1559, 754, 940]
WC: [1047, 345]
BJ: [2271]
YP: [1128]
NU: [1407]
JX: [1332]
WI: [1618, 98, 227, 385, 573]
EJ: [1293, 401]
JU: [133, 1404, 942, 220]
CW: [106, 1299, 1323]
WJ: [484]
YJ: [204, 1915, 30]
XN: [1056]
CM: [372, 252, 997, 650]
XX: [844, 545]
QP: [528, 927, 82]
TR: [199, 341, 1527]
PY: [995]
CX: [1443]
YA: [73]
JZ: [1033, 168]
ZE: [576, 550]
HE: [354]
