VO: [0, 44, 180, 465, 600, 837, 924, 1478, 1670, 1970, 2088, 2268, 2452, 2496, 2760, 2808, 3096, 3210, 3216, 4391, 4428, 4476, 4816, 4896, 5424, 5580, 5652, 5964, 5970, 6040, 6281]
OI: [1, 925, 1007, 1010, 1746, 2089, 2497, 2761, 2809, 2970, 3473, 3761, 3977, 4175, 4429, 4477, 5165, 5425, 5581, 5653, 5872, 6164, 6488]
IV: [2, 2291, 5808, 6459]
VV: [3, 639, 1908, 2571, 2737, 3376, 3949, 4197, 4239, 4767, 5736, 5859, 5916, 6039, 6412, 6460]
VC: [4, 1520, 2522, 2654, 2750, 3892, 4070]
CB: [5, 966, 1145, 2201, 2645, 3400, 4433, 4685, 4913, 5475, 5829, 5919, 5921, 6005, 6272, 6380]
BA: [6, 162, 365, 1193, 1234, 1542, 1626, 1674, 1927, 2550, 3630, 4182, 4302, 4710, 4914, 5513, 5957, 6053, 6168, 6241, 6537]
AJ: [7, 1150, 3274, 3418, 3574, 4015, 4078, 4303, 4822, 4831, 5215, 5636]
JM: [8, 560, 1813, 2768, 2773, 2953, 3433, 3733, 3894, 4616, 5029]
MB: [9, 1028, 1250, 1454, 1694, 1754, 2078, 2264, 2666, 2708, 2834, 2874, 3438, 4145, 4442, 4550, 4610]
BL: [10, 922, 2704, 2758, 3730, 4426, 5806, 5830]
LG: [11, 174, 624, 656, 1297, 1998, 2305, 2490, 2629, 2802, 3137, 3462, 3599, 4297, 4705, 4937, 5057, 5326, 6563]
GU: [12, 303, 720, 1386, 1810, 1999, 2590, 2697, 2710, 2880, 3010, 3348, 3382, 3478, 3492, 3936, 5134, 5612, 5844, 6254, 6315, 6339, 6422]
UK: [13, 103, 115, 118, 418, 553, 1153, 1882, 2017, 2110, 2554, 2581, 2608, 2719, 3180, 3670, 4108, 5026, 5542, 5773, 6355]
KW: [14, 1058, 1154, 1256, 1796, 2084, 2384, 3583, 4986, 5183, 5852, 6467]
WA: [15, 33, 273, 549, 813, 1155, 1431, 1572, 2067, 2085, 2216, 2385, 2493, 2805, 4167, 4431, 4632, 4680, 4743, 5229, 5604, 6111, 6234, 6522]
AO: [16, 34, 358, 760, 871, 944, 1302, 1390, 1408, 1522, 2314, 3256, 3631, 3640, 3654, 4168, 4744, 5230, 5386, 5503, 6169, 6439, 6571]
OM: [17, 1613, 1842, 3005, 3097, 3517, 3641, 4321, 5706]
MD: [18, 90, 1170, 1914, 1916, 2058, 2443, 3222, 3702, 5707, 5730, 5850]
DA: [19, 454, 1951, 4279, 4522, 5731]
AB: [20, 800, 1088, 1107, 1580, 1664, 1952, 2048, 3236, 3800, 3812, 4172, 4184, 4280, 5240, 5630, 5979, 6080, 6455, 6491]
BT: [21, 82, 375, 471, 522, 651, 843, 858, 1029, 1071, 1215, 1710, 1798, 1866, 1938, 1953, 2049, 2646, 3042, 3366, 3550, 3918, 4474, 4594, 4686, 5283, 5578, 5902, 6006, 6094, 6237, 6492]
TA: [22, 1140, 1275, 1473, 1663, 2370, 3367, 3686, 5274, 5566, 5782, 6533]
AP: [23, 1235, 1259, 1500, 3858, 4127, 6242, 6351]
PP: [24, 228, 696, 972, 1236, 1837, 2900, 3469, 4128, 4716]
PZ: [25, 154, 697, 1237, 1650, 3470, 3614, 4026, 4086, 5833]
ZS: [26, 56, 68, 152, 259, 339, 698, 1238, 1304, 1364, 2043, 3140, 3208, 3944, 4112, 4658, 4940, 4999, 5138, 5401, 5810]
SE: [27, 321, 699, 741, 1239, 1353, 1593, 1768, 2601, 2889, 3849, 3945, 4033, 4659, 4849, 5049, 5139, 5373, 5457, 5811, 5907, 6033, 6318]
EC: [28, 700, 1240, 1760, 2092, 2099, 2200, 2348, 3071, 4660, 6319]
CQ: [29, 41, 509, 1241, 1529, 3077, 3617, 4373, 5237, 6224]
QF: [30, 583, 919, 1242, 1326, 1555, 2166, 2527, 2755, 2923, 3570, 3618, 3966, 4231, 4327, 4398, 5815, 5995]
FQ: [31, 1447, 1556, 1989, 3571, 5331, 5660]
QW: [32, 295, 379, 1778, 2378, 3542, 3864, 5228]
OP: [35, 213, 323, 503, 1055, 1415, 1443, 1523, 1547, 1787, 1991, 2013, 2255, 2340, 2373, 2637, 2927, 3035, 3251, 3393, 3563, 3791, 4503, 4860, 4907, 5231, 5751, 5987]
PK: [36, 468, 504, 840, 1068, 1212, 1260, 1486, 1524, 1548, 1560, 2076, 2676, 3000, 3084, 3118, 3168, 3319, 3643, 4273, 4536, 5232, 5280, 5968, 5988]
KS: [37, 505, 1525, 1561, 1831, 2119, 2448, 2484, 2672, 2869, 3146, 3896, 3968, 4664, 4812, 4994, 5233, 5300, 6287]
SB: [38, 488, 506, 626, 764, 832, 1159, 1316, 1526, 1832, 2138, 2294, 2564, 2849, 2870, 3389, 3560, 3576, 3581, 3704, 4040, 4952, 5180, 5234, 5379, 5451, 5805, 6167, 6371]
BR: [39, 201, 369, 445, 507, 997, 1455, 1527, 1633, 1695, 2835, 2871, 4065, 5235, 5317, 5505, 5631, 6553]
RC: [40, 124, 508, 526, 1367, 1528, 1826, 2464, 2644, 3196, 3359, 4643, 5236, 5474, 5645, 6223, 6307, 6379]
QM: [42, 281, 336, 510, 676, 1530, 1800, 1853, 2040, 3509, 5238, 5256, 5496]
MV: [43, 427, 954, 1843, 2087, 2495, 2659, 2807, 3103, 3309, 3891, 6027, 6141, 6246]
OG: [45, 79, 285, 466, 567, 669, 729, 838, 1066, 1210, 1267, 1971, 2001, 2181, 2319, 3655, 3723, 4123, 5157, 5278, 5466, 5469, 5679, 5823, 5855, 5923, 6192]
GK: [46, 286, 424, 670, 730, 1822, 2062, 2328, 3796, 3802, 4060, 4560, 4992, 5076, 5308, 5312, 5976, 6179, 6193, 6251, 6419, 6466]
KU: [47, 552, 756, 1347, 1404, 1482, 1487, 1538, 2016, 2352, 2555, 2580, 2597, 3972, 4619, 4740, 4956, 5027, 5219, 5483, 5772, 6060, 6252, 6420, 6567]
UI: [48, 2312, 2963, 3277, 3566, 4868, 6313]
IE: [49, 133, 666, 709, 786, 1086, 1101, 1563, 1605, 2127, 3810, 3993, 4362, 4638, 5298, 5622]
EQ: [50, 234, 1466, 2020, 2466, 3794, 5018, 5202, 6257]
QX: [51, 211, 403, 907, 1099, 2034, 5866]
XD: [52, 3938, 6405]
DW: [53, 272, 932, 3485, 3823, 4157, 4961, 5588, 6346]
WF: [54, 380, 524, 860, 1076, 1856, 2204, 3129, 3291, 3543, 4987, 5154, 5589, 5655, 5672, 5715, 6305]
FZ: [55, 248, 334, 439, 658, 1534, 2167, 2179, 2194, 2227, 2458, 2815, 2864, 3139, 3322, 3526, 3943, 4111, 4154, 4423, 4449, 4939, 5155]
SG: [57, 1545, 1715, 1748, 2074, 2114, 2156, 2187, 2432, 2612, 2879, 3143, 3347, 3428, 3477, 3935, 4046, 4377, 4844, 4995, 5301, 5864, 5891, 6482]
GN: [58, 663, 766, 1044, 1282, 1713, 1888, 2398, 2783, 3022, 3334, 3503, 3609, 3696, 3814, 4211, 4378, 4414, 4750, 5242, 5338, 5340, 5352, 5650, 5757, 5838, 6174]
NE: [59, 413, 460, 2621, 3054, 4829]
EL: [60, 581, 667, 787, 1207, 1564, 1615, 2117, 3017, 3060, 4104, 4488, 4819, 5263, 5899]
LR: [61, 1093, 1309, 1489, 1597, 2053, 2233, 3049, 3414, 4189, 4285, 4393, 5113, 5461, 5593, 6085]
RH: [62, 898, 974, 1119, 1598, 1743, 1875, 1968, 2438, 2685, 3050, 3279, 3531, 4022, 4394, 4839, 5114, 5210, 5462, 5594, 6365]
HH: [63, 589, 717, 1130, 1284, 1610, 1641, 2559, 3164, 5001]
HB: [64, 921, 1131, 1233, 1383, 1876, 2757, 3555, 4149, 4395, 4804, 4840, 5595, 6093]
BG: [65, 765, 1269, 1385, 1809, 2409, 2709, 2884, 2895, 3261, 3501, 3579, 3657, 3801, 3813, 3843, 3907, 4413, 4443, 4551, 4691, 4791, 5195, 5241, 5349, 5380, 5427, 5741, 5837, 6176, 6273, 6348, 6381]
GI: [66, 132, 208, 456, 1286, 1688, 2174, 2896, 3336, 3416, 3788, 5297]
IZ: [67, 222, 1506, 2022, 2055, 3087, 3114, 3594, 3762, 3962, 5046, 5166, 5802, 5946, 6146, 6198, 6202, 6321]
SA: [69, 237, 260, 315, 637, 735, 1301, 1815, 2283, 2321, 2996, 3032, 3147, 3189, 3255, 3435, 3639, 3718, 3735, 3867, 4893, 5031, 5402, 5489, 5493, 6003, 6014, 6300, 6384]
AZ: [70, 2362, 3190, 3286, 3692, 3956, 4125, 4894, 4904, 5494, 6301, 6385]
ZJ: [71, 311, 707, 1103, 1441, 1955, 2051, 2195, 2363, 2975, 3287, 3647, 4223, 5123, 5795, 6362]
JL: [72, 1033, 1104, 1165, 1764, 2052, 2065, 2196, 2364, 2904, 3505, 3829, 4224, 5053, 5796]
LH: [73, 349, 1129, 1208, 1417, 1609, 2171, 5024]
HI: [74, 590, 614, 680, 1418, 2126, 5618]
IG: [75, 578, 890, 1046, 1602, 2343, 3338, 3789, 4235, 4254, 4437, 5306, 6134, 6314]
GM: [76, 1337, 3738, 5244]
MP: [77, 594, 641, 977, 1217, 1649, 3006, 3318, 3642, 3786, 4025, 4085, 4410, 5861]
PO: [78, 566, 2302, 2638, 3562, 3628, 3760, 4586, 5164, 5453, 5678, 5750, 5822, 5986, 5998]
GZ: [80, 960, 1114, 1356, 1652, 2157, 2410, 2664, 3024, 4028, 4088, 4416, 4976, 5302, 5400, 5856, 6062, 6177]
ZB: [81, 1653, 1707, 2967, 3771, 3906, 3963, 4029, 4089, 4389, 5073, 5175, 5769, 6021, 6551]
TK: [83, 198, 551, 1072, 1346, 1403, 2286, 2579, 2843, 4400, 5411, 5524, 5692, 6566]
KH: [84, 419, 716, 1883, 2125, 3947, 4628, 4676, 5600, 5624]
HP: [85, 361, 420, 936, 1884, 2172, 2701, 3013, 3988, 4464, 5749, 5967, 5997, 6009, 6071, 6196]
PU: [86, 934, 1666, 2718, 4518, 5406, 6354]
UB: [87, 477, 4494]
BF: [88, 1146, 1341, 2247, 2295, 4110, 4173, 5670, 5913]
FM: [89, 586, 821, 1464, 5078, 5849]
DF: [91]
FA: [92, 512, 775, 1639, 2208, 2359, 3265, 3283, 4332, 4651, 4699, 5446, 6454]
AR: [93, 261, 513, 903, 1623, 2547, 3174, 3201, 3687, 3711, 5403, 6534]
RT: [94, 346, 1862, 2234, 3058, 3840, 4066, 4102, 4466, 4498, 4788, 6325]
TV: [95, 1295, 1907, 2184, 3311, 4475, 4499, 5579, 6218, 6326]
VL: [96, 1296, 1308, 1608, 2170, 2688, 2988, 3156, 3269, 3312, 4572, 6162, 6327]
LW: [97, 518, 805, 1571, 1585, 2066, 2780, 3092, 3128, 4105, 4472, 4538, 4592, 4801, 5012, 5264, 5516, 5714, 5960, 5984, 6056, 6121, 6208]
WH: [98, 794, 1382, 2354, 2724, 4106, 4202, 4496, 4970, 5126, 5498, 5840]
HN: [99, 2271, 4329, 4971, 5499, 5625, 6064]
NL: [100, 2489, 3833]
LT: [101, 2689, 2917, 5831]
TU: [102, 1752, 2778, 3378, 4055, 4271, 5554, 5903]
KV: [104, 1025, 1307, 1860, 2028, 3089, 3215, 3375, 3713, 3797, 3924, 3941, 4020, 4274, 4401, 5927, 5969, 6101, 6180, 6512]
VR: [105, 189, 345, 789, 897, 1081, 1201, 1657, 1677, 1791, 1861, 1995, 2029, 2133, 2541, 2594, 2735, 2745, 2829, 2937, 3246, 3925, 4021, 4383, 4402, 5097, 5259, 5365, 5481, 5761, 5941]
RJ: [106, 982, 1222, 2938, 4342, 4558, 5098, 5506]
JF: [107, 1784]
FL: [108, 276, 1785, 2376, 2508, 2916, 3123, 5095, 6519]
LX: [109, 385, 3061]
XS: [110, 643, 1051, 1946, 2888, 3062, 3350, 4934, 4946, 5378, 5606, 6317]
SP: [111, 153, 225, 556, 1173, 2120, 2505, 3063, 3352, 4585, 5533, 6025, 6342]
PR: [112, 169, 853, 937, 949, 973, 1312, 1509, 1838, 2437, 3064, 3153, 3325, 4465, 4504, 4624, 5149, 5209, 5697]
RV: [113, 1839, 1924, 2169, 2736, 3065, 3184, 4011, 4888]
VU: [114, 970, 2206, 3090, 3714, 3846, 4006]
KQ: [116, 632, 671, 1098, 2586, 3162, 3872, 4050, 4194, 4290, 4806, 5255, 5550, 6428]
QU: [117, 231, 327, 355, 476, 633, 802, 1582, 2004, 3883, 3898, 4440, 4548, 4855, 5251, 5472, 6312, 6546]
KJ: [119, 1164, 3732, 5774]
JV: [120, 896, 1704, 4238, 4766, 6267]
VS: [121, 138, 428, 493, 714, 914, 955, 1705, 1766, 1844, 2130, 2282, 2478, 2504, 2600, 2934, 3104, 3596, 3680, 3698, 3950, 3974, 4916, 5334, 6032, 6227, 6268, 6383, 6527]
SU: [122, 185, 797, 2094, 3238, 3305, 4530]
UR: [123, 981, 1221, 3839, 4787, 5473, 6117]
CK: [125, 1481, 1781, 2124, 2820, 2868, 3480, 4048, 4356, 5771, 5926]
KT: [126, 287, 1350, 1662, 2677, 2958, 4808, 4979, 5225, 5525, 5693, 6500, 6506]
TG: [127, 347, 495, 879, 959, 2061, 2511, 2603, 3551, 4975, 5060, 5247, 5434, 6501]
GC: [128, 1439, 2306, 3624, 3960, 4047, 5102]
CY: [129, 156, 1041, 1827, 2776, 2961, 3072, 3132, 3411, 4458, 4824]
YZ: [130, 146, 206, 257, 338, 686, 1322, 2042, 2261, 4589, 4870, 5354, 6020]
ZG: [131, 207, 1031, 1323, 1643, 1651, 2327, 2567, 2663, 2791, 4027, 4087, 4424, 5101, 5627, 5975, 6178, 6250, 6302, 6418]
EB: [134, 650, 710, 2246, 3578, 3626, 3986, 4034, 4337, 5740, 6449]
BQ: [135, 354, 489, 627, 711, 801, 894, 1089, 1251, 1317, 1374, 1581, 1833, 1877, 1961, 2139, 2565, 2692, 3534, 3705, 3772, 3882, 4035, 4041, 4146, 4185, 4230, 4281, 4611, 4953, 5176, 5310, 6018, 6081, 6372, 6450]
QE: [136, 617, 712, 751, 1362, 1774, 1794, 3271, 4336, 4612, 4926, 5037, 5430]
EV: [137, 713, 2765, 2860, 3845, 3996, 5423]
SL: [139, 917, 2131, 2935, 3413, 3598, 5335]
LV: [140, 188, 277, 344, 464, 692, 788, 836, 923, 1105, 1393, 1676, 1765, 2132, 2540, 2624, 2653, 2744, 2759, 2828, 2852, 2936, 2989, 3157, 3452, 3553, 4427, 4748, 5096, 5389, 5480, 5557, 6044, 6104, 6172, 6328, 6520]
VF: [141, 774, 2766, 3666, 3942, 4482, 4698, 4950, 5562, 5848, 5917]
FU: [142, 176, 682, 874, 980, 1220, 1460, 1700, 2840, 3380, 3716, 5408, 5914]
UP: [143, 251, 683, 803, 875, 971, 1379, 1583, 1667, 2899, 3407, 3899, 4007, 4272, 4715, 4741, 5640, 5904]
PQ: [144, 294, 402, 684, 690, 750, 906, 1578, 2826, 3522, 3546, 3726, 4242, 4397, 4770, 5117, 5442, 5597, 6525]
QY: [145, 372, 547, 685, 1252, 3708, 5190, 5287, 5950, 6019]
ZL: [147, 223, 249, 307, 687, 1621, 2056, 2865, 2947, 3751, 4075, 5011, 5479]
LY: [148, 4570]
YV: [149, 407, 473, 492, 911, 1253, 1568, 2243, 2281, 2345, 2891, 2987, 3095, 3245, 3268, 3497, 3665, 4313, 4349, 4520, 4571, 5087, 5132, 5291, 5375, 5885, 5963]
VM: [150, 640, 1036, 2442, 3329, 4314, 4350, 4360, 5860, 6245, 6275]
MZ: [151, 282, 306, 810, 1854, 2429, 2946, 3386, 3518, 3750, 4074, 4998, 5010, 5981]
ZC: [155, 659, 929, 2459, 2633, 3323, 6203, 6283]
YI: [157, 373, 529, 1604, 1873, 2473, 3113, 3709]
ID: [158, 530, 702, 1550, 1682, 3026, 3978, 5990, 6165, 6561]
DY: [159, 3939]
YY: [160, 1828, 2038, 3467, 3611, 5080, 5086, 5290]
YB: [161, 470, 842, 1070, 1214, 1805, 3365, 5282, 5836, 5846]
AX: [163, 1627, 2322, 2371, 2551, 3151, 4381, 5605, 6538]
XZ: [164]
ZN: [165, 1167, 2007, 3615, 4761, 4875, 5355]
NT: [166, 442, 694, 958, 994, 1294, 1402, 1462, 1630, 1906, 1918, 3514, 3982, 4054, 4330, 4486, 4654, 4794, 4798, 6217, 6457]
TF: [167, 443, 851, 995, 1079, 1446, 1463, 1631, 1919, 2690, 2959, 3264, 3983, 4331, 4655, 5109, 5939]
FP: [168, 852, 2248, 3108, 4623]
RP: [170, 4517]
PN: [171, 226, 324, 441, 993, 1056, 1380, 1452, 1629, 1692, 1788, 1992, 2014, 2832, 2901, 3394, 3564, 4407, 4908, 5877]
NX: [172, 244, 808, 1588, 1756, 1789, 1993, 2008, 4762, 4876, 5200, 5206, 5416, 5548, 6289, 6404]
XL: [173, 245, 343, 1128, 1392, 1553, 2009, 3744, 4781, 4877, 5388, 5417, 5556, 5993, 6171, 6207]
GF: [175, 220, 451, 657, 1533, 2178, 2375, 2507, 2699, 3081, 3138, 3176, 4448, 4938, 5445, 5799, 6264, 6359, 6502, 6518]
UN: [177, 1461, 1905, 3847, 3887, 5763]
NZ: [178, 1858, 2026, 2662, 2854, 3454, 3922, 4018, 5626, 5974, 6046]
ZV: [179, 1507, 2267, 3155, 3595, 3763, 4895, 5167, 5735, 6226, 6322, 6433, 6445]
OE: [181, 233, 241, 359, 431, 435, 649, 753, 2098, 2269, 2577, 2919, 3217, 3257, 3443, 3587, 3633, 4745, 4897, 5015, 5213, 5422, 5725, 5739, 5965, 6184]
EH: [182, 360, 1020, 2270, 2558, 2606, 3218, 3242, 3806, 4248, 4346, 4668, 4776, 4898, 5882, 5966]
HG: [183, 350, 795, 899, 1285, 1333, 2223, 2231, 2397, 2569, 2686, 3219, 3695, 3779, 4151, 4309, 4899, 4958, 5147, 6037, 6388]
GS: [184, 625, 796, 1972, 2320, 2878, 3304, 3340, 3346, 3396, 3463, 3580, 4692, 5450, 5680, 5824, 6341]
UQ: [186, 635, 798, 2238, 2526, 2754, 2922, 3306, 4326, 5814]
QL: [187, 235, 463, 691, 1318, 2304, 2827, 3136, 4051, 4936, 5056, 6043]
RX: [190, 484, 646, 1096, 1202, 1552, 1624, 1978, 2548, 2887, 3298, 3688, 4192, 4288, 4420, 5062, 5398, 5638, 5992, 6088, 6118, 6535]
XG: [191, 395, 722, 1138, 1771, 1979, 4178, 4579, 5003, 5207, 5351, 5399, 5611, 5875, 6465]
GD: [192, 299, 2716, 3484, 3724, 5020, 5467, 6139]
DE: [193, 531, 1683, 1965, 2251, 2583, 2991, 3027, 4943]
EG: [194, 1606, 2390, 2696, 3199, 4850, 6185]
GB: [195, 200, 351, 537, 1246, 1268, 1808, 2703, 3645, 3656, 4064, 4412, 4425, 4863, 5912, 6135, 6330]
BX: [196, 538, 940, 1708, 1729, 1945, 2728, 2968, 3160, 3676, 4252, 4672, 4780, 5068, 5572, 5788, 6124, 6136]
XT: [197, 6119]
KG: [199, 536, 815, 1003, 1355, 1471, 2588, 2720, 2732, 2799, 3231, 3608, 3644, 4268, 4339, 5107, 5843, 5880, 5936]
RL: [202, 790, 1092, 1678, 2801, 4188, 4284, 4541, 4704, 5249, 5529, 6084, 6148]
LC: [203, 308, 1319, 2948, 3752, 4256, 4528, 5336]
CJ: [204, 1320, 2064, 3249, 3893, 4989, 5052, 5535]
JY: [205, 1321, 2260, 2423, 4832]
IL: [209]
LQ: [210, 253, 582, 918, 1554, 2377, 3270, 3834, 4225, 4542, 4573, 4782, 4925, 5250, 5531, 5900, 5994]
XO: [212, 331, 1121, 1358, 1589, 1745, 1841, 2372, 2393, 2573, 2636, 2969, 4421]
PA: [214, 1668, 2256, 3120, 3252, 3792, 3799, 3900, 4608, 6243, 6490]
AN: [215, 604, 1432, 1591, 1659, 2024, 2985, 3719, 3832, 3880, 4017, 4479, 4576, 4797, 4828, 5199, 5455, 5567, 5783, 6403, 6559]
NA: [216, 3720, 4014, 4733, 5070, 5766]
AI: [217, 829, 889, 1369, 2278, 2290, 2386, 3301, 3361, 4234, 4501, 5269, 5790]
IW: [218, 1133, 2090, 2219, 2279, 4430, 4969, 5654]
WG: [219, 296, 558, 1059, 1245, 1281, 1436, 1712, 1935, 1940, 2402, 2982, 3020, 3080, 3344, 3651, 3824, 3855, 4515, 4923, 5265, 5649, 5853, 6069, 6263, 6468]
FI: [221, 433, 1342, 1388, 1702, 4262, 5110, 6265]
LS: [224, 236, 877, 1898, 2150, 2210, 2509, 3206, 3254, 3638, 3902, 4334, 4489, 5054, 5666, 5894, 6152, 6485]
NP: [227, 1372, 2640]
PW: [229, 313, 557, 1957, 2215, 2249, 2981, 3353, 3373, 3859, 4201, 4277, 4742, 5125, 5477]
WQ: [230, 326, 1793, 3865, 5888, 6239, 6479]
UO: [232, 544, 1612, 2000, 4204, 4259, 4859, 5084, 5128, 5212, 5252, 6431, 6443]
AY: [238, 481, 661, 1064, 1543, 1573, 2308, 2461, 2911, 3121, 3424, 4120, 5272, 5275, 6357]
YE: [239, 2189, 2245, 2605, 3529, 3755, 3805, 4873, 5159]
EO: [240, 322, 648, 752, 1142, 1184, 1684, 1824, 3004, 3258, 3272, 4320, 4639, 4720, 5144, 5464, 5647, 6291]
ED: [242, 2920, 3482, 4214]
DN: [243, 957, 1917]
LA: [246, 1622, 3653, 3857]
AF: [247, 367, 571, 1638, 2070, 2159, 2863, 2997, 3033, 4567, 4614, 4650, 5359, 5755]
LU: [250, 654, 3018]
PL: [252, 804, 876, 1416, 1584, 6072, 6103]
QO: [254, 628, 1136, 1990, 2254, 3040, 3100, 3572, 3928, 4002, 4195, 4226, 4294, 4574, 5118, 6391]
OW: [255, 1280, 2520, 2748, 3259, 3295, 5648]
WY: [256, 519, 834, 1872, 2280, 3267, 4161, 4872, 6129]
ZZ: [258, 2632, 2909]
RR: [262, 370, 483, 938, 1094, 1095, 1118, 1510, 1742, 1893, 1983, 2145, 2427, 2786, 2787, 2817, 3171, 3358, 3622, 3862, 4010, 4094, 4190, 4191, 4286, 4287, 4689, 5366, 5367, 6086, 6087]
RA: [263, 1258, 1658, 3235, 5035, 6214, 6350]
AK: [264, 814, 1330, 4884, 5314, 6499]
KI: [265, 1261, 1549, 1921, 2821, 3181, 3320, 3660, 3803, 4357, 4885, 5675, 5747, 5819, 5977, 5989]
IO: [266, 434, 1011, 2368, 2474, 2524, 2752, 3604, 3878, 3990, 4176, 4324, 4502, 5104, 5320, 5702, 5873, 5932]
OS: [267, 1061, 1352, 1891, 2143, 3134, 4003, 4096, 4640, 5179]
SN: [268, 1503, 2211, 3513, 3699, 4305, 5415, 5973, 6288]
NM: [269, 1453, 1693, 1889, 1932, 2141, 2212, 2395, 2833, 2873, 4159, 4385]
MQ: [270, 4854, 4865]
QD: [271, 672, 3307, 3931, 5203]
AM: [274, 391, 1816, 2086, 2298, 2454, 2494, 2806, 3148, 3421, 3436, 3736, 4609, 4633, 4681, 5743, 6376, 6441, 6496]
MF: [275, 511, 979, 990, 1015, 1219, 1338, 1531, 1819, 2455, 2769, 3331, 3739, 4131, 4351, 4723, 5659, 5719]
VK: [278, 2240, 3874, 3889, 5224]
KR: [279, 1091, 1967, 1977, 4187, 4283, 5397, 6083]
RQ: [280, 371, 1490, 2033, 3741, 3863, 4505, 4625, 5429, 6554]
ZO: [283, 430, 772, 2097, 2180, 2228, 3471, 4114, 4648, 4696, 4948, 5156, 5560, 5834]
OO: [284, 332, 621, 622, 872, 1359, 1617, 2332, 2519, 2747, 3327, 3472, 3632, 4553, 4587, 5465, 5705]
TI: [288, 1181, 2435, 3841, 4789, 5701, 6452, 6458]
IS: [289, 1747, 2155, 2611, 3913, 5582, 5863]
SI: [290, 1085, 1562, 1803, 1845, 2367, 3681, 4323, 4917, 5945, 6098, 6228, 6528]
IJ: [291, 1343, 1703, 1922, 2903, 3182, 3767, 4199, 4307, 4886, 5171, 6266]
JD: [292, 4079, 4163]
DP: [293, 401, 689, 749, 905, 1577, 2717, 2825, 3125, 3372, 3521, 3545, 3725, 4080, 5021, 5405, 5441, 5708, 6524]
GG: [297, 298, 423, 579, 1113, 1725, 1887, 1941, 1942, 2115, 2182, 2589, 3015, 3021, 3339, 3345, 3502, 3777, 3908, 4043, 4509, 4510, 4580, 4851, 4862, 5307, 6396, 6397]
DS: [300, 409, 2683, 2995, 3031, 3223, 3476, 3487, 3703, 4376, 4555, 6002, 6166]
SM: [301, 2449, 2485, 2707, 3785, 4525, 4813, 5009, 5041]
MG: [302, 3098, 3737, 3776, 4460, 5091, 5643, 5798]
UW: [304, 1049, 1411, 1483, 2353, 3019, 3056, 4056, 4100, 5220, 6262]
WM: [305, 989, 1229, 2263, 2945, 3749, 4073, 5717]
CS: [309, 399, 555, 705, 747, 1449, 2093, 2655, 2823, 2949, 3441, 3753, 3934, 4524, 4529, 5040, 6024]
SZ: [310, 429, 706, 1062, 1706, 2501, 3207, 3770, 3818, 4113, 4713, 4947, 4964, 5174, 5897, 6221, 6269, 6515]
JP: [312, 1956, 2929, 2976, 3037, 4200, 5124]
WS: [314, 320, 734, 740, 1134, 1158, 2186, 3044, 3402, 4057, 5013, 5948]
AQ: [316, 462, 616, 736, 769, 1518, 2068, 3508, 4136, 4652, 5036, 5620, 6112, 6215, 6235]
QQ: [317, 737, 1852, 5394]
QZ: [318, 490, 738, 1878, 2106, 2334, 2412, 2566, 2657, 2693, 3078, 3870, 4206, 4506, 4626, 4674, 5598, 6066, 6225, 6429]
ZW: [319, 739, 1435, 1855, 1871, 2101, 2262, 2723, 3079, 3115, 3494, 4364, 4631, 4679, 4871, 5419, 5545, 5603, 5947, 6047, 6110]
NW: [325, 988, 1228, 1381, 1433, 1903, 5839, 5887, 6463, 6478]
UY: [328, 1539, 1567, 2591, 4519, 5131, 5845, 6115, 6367]
YW: [329, 548, 793, 812, 817, 2407, 3499, 5276, 5347, 5951, 6068, 6304]
WX: [330, 1050, 1412, 5610, 6464]
OF: [333, 601, 873, 1143, 1671, 2337, 2475, 4260, 4422]
ZQ: [335, 630, 2411, 2430, 3387, 3911, 3965, 4977, 5217, 5303, 5495, 6035, 6285]
MY: [337, 498, 1495, 2041, 5079, 5370]
SS: [340, 1273, 1767, 1987, 2044, 3351, 3397, 3597, 4693, 4929, 5895, 5896]
ST: [341, 494, 878, 1274, 2045, 2072, 2510, 4490, 4880, 5433, 5523, 5565, 5691, 5781]
TX: [342, 1770, 2046, 2104, 4067, 5226, 5694, 6211]
GL: [348, 1570, 2232, 3552, 3652, 3856, 4255, 4569, 4924]
BP: [352, 1485, 1665, 2079, 2667, 3447, 3561, 3591, 3627, 3759, 4396, 5163, 5452, 5476, 5596, 5677, 5821, 6331]
PB: [353, 1373, 2080, 2668, 5709]
UV: [356, 864, 1635, 1733, 3884, 3973, 3980, 4764, 5613, 5915, 6411]
VA: [357, 870, 1106, 1299, 1734, 2273, 2316, 2346, 3066, 3885, 4500, 5268, 5574, 5629]
PD: [362, 516, 5436, 5752, 6001]
DR: [363, 673, 1551, 1959, 2619, 4143, 4703, 5991]
RB: [364, 939, 1192, 1937, 1960, 1984, 2440, 4690, 5344, 5512, 5956, 6052]
AA: [366, 2274, 2324, 3450, 4183, 4734, 4735, 5712, 6424]
FB: [368, 444, 597, 996, 1632, 2691, 3537, 3729, 5193, 5316, 5360, 6294]
IB: [374, 1314, 2894, 3446, 3590, 3758, 3842, 4790, 5162, 5426, 5676, 5820, 5870]
TS: [376, 1123, 1172, 1850, 2073, 3559, 3585, 4712, 5048, 5372, 5432, 6007, 6097]
SV: [377, 599, 1052, 1899, 2129, 2151, 2469, 2477, 2933, 3209, 3341, 3951, 4265, 4481, 5261, 5333]
VQ: [378, 1254, 1361, 2404, 3158, 3569, 3606, 3997, 4240, 4266, 4768, 5382, 5777, 5934, 6323, 6461, 6545]
FF: [381, 2847, 4261]
FJ: [382, 2767, 4615, 5563]
JW: [383, 1151, 1430, 2198, 2492, 2804, 4343, 5507]
WL: [384]
XC: [386, 848, 2330, 3299, 4220, 4718]
CG: [387, 527, 2955, 4545, 5075, 5337]
GR: [388, 496, 880, 952, 1004, 1047, 1264, 1936, 2224, 2512, 2613, 2800, 3220, 3232, 3825, 3909, 4444, 4461, 4516, 4581, 4701, 4852, 4900, 4959, 4996, 5061, 5092, 5248, 5428, 5528, 5644, 5728, 6349]
RM: [389, 497, 881, 953, 1265, 1648, 2428, 2513, 2788, 3221, 4024, 4084, 4144, 4445, 4853, 4901, 4997, 5368, 5729]
MA: [390, 1655, 1933, 3150, 4031, 4091, 4513, 4796, 5239, 5502]
MH: [392, 1197, 1801, 2222, 2396, 2450, 2481, 4386, 4526, 4814, 5042, 5438, 5744, 6092, 6509]
HO: [393, 397, 1009, 1209, 4826, 5685]
OX: [394, 1137, 1391, 2574, 4177, 4757, 5387, 5874, 6170]
GH: [396, 1334, 2400, 2568, 2733, 3668, 3778, 4152, 4298, 4310, 4511, 4706, 6070, 6398, 6469, 6543]
OC: [398]
SD: [400, 748, 956, 1421, 2479, 2651, 2824, 3224, 3488, 4694]
XW: [404, 908, 2035, 2575, 2642, 2726, 3290, 3602, 3650, 3674, 4250, 4670, 4778, 5066, 5570, 5609, 5786, 5930, 6029]
WE: [405, 909, 2091, 2199, 2941, 3495, 4098]
EY: [406, 436, 532, 742, 910, 2472, 2584, 2890, 2992, 3028, 3496, 3850, 5374]
VD: [408, 1396, 1900, 1964, 2152, 2356, 2892, 2990, 3952, 4216, 4521, 5392, 6247, 6415]
SF: [410, 500, 915, 1083, 1947, 1988, 2876, 2915, 3398, 3975, 4058, 4911, 5330, 5583, 5943, 6153]
FY: [411, 2770, 3052]
YN: [412, 437, 533, 867, 3053, 3425, 3821, 4121, 4793, 5759]
EM: [414, 618, 2190, 2382, 2730, 5016]
MJ: [415, 1190, 1783, 2191, 5510, 5954, 6050, 6310, 6333, 6377]
JH: [416, 1344, 1646, 3288, 3648, 4308, 6108, 6363, 6471]
HU: [417, 543, 609, 975, 1611, 1881, 2109, 2499, 2553, 2607, 2973, 3669, 4107, 4203, 5025, 5127, 5211, 5439, 5541, 5793, 6366]
PV: [421, 1885, 2503, 2977, 4069]
VG: [422, 1053, 1394, 1438, 1569, 1886, 2861, 4210, 4275, 4749, 5133, 5390, 5737, 6173, 6329, 6413]
KK: [425, 755, 1976, 3293, 4049, 4985, 4993, 5396, 5543]
KM: [426, 1278, 1782, 2077, 3102, 3169, 3890]
EF: [432, 2714, 2942, 3782, 4622]
NF: [438, 820, 1074]
ZP: [440, 565, 2502, 5521, 5689]
RU: [446, 854, 950, 998, 1048, 1634, 1732, 1894, 2146, 3202, 4462, 5150, 5662, 5762]
UJ: [447, 1812, 3432, 5028]
JK: [448, 574, 983, 1223, 1306, 2538, 2742, 4846, 5099, 5842]
KA: [449, 984, 1224, 1517, 2297, 3173, 3456, 3852, 5313, 6356]
AG: [450, 455, 776, 1474, 3368, 4292, 4700, 5444, 5575]
FW: [452, 1075, 1243, 1339, 2011, 4483, 5671, 5716, 6503]
WD: [453, 1958, 2250, 3354, 3486, 4278, 6030, 6122]
II: [457, 2417, 2795, 3337, 3593, 4405, 5305]
IQ: [458, 2415, 2762, 2931, 3039, 3213, 4583, 5222, 5699]
QN: [459, 2140, 3835, 4374, 4543, 4563, 4653, 4783, 5889, 6216, 6279, 6462, 6555]
EA: [461, 902, 943, 1087, 1718, 1721, 3811, 4171, 4613, 4830, 5214, 5323, 6375]
GP: [467, 515, 839, 992, 1067, 1211, 1311, 1559, 2075, 2675, 2999, 3083, 3167, 4276, 4535, 5007, 5148, 5208, 5279, 5435, 5876, 6011]
KY: [469, 792, 841, 1069, 1213, 4561, 5281]
TY: [472, 844, 3515, 4595, 4600]
VX: [474, 862, 1600, 1636, 1840, 2392, 2572, 4012, 4180, 4228, 6028]
XQ: [475, 1271, 2105, 4001, 4673, 4835, 5227, 5695, 6200, 6212, 6278]
BZ: [478, 3646, 3964, 4605, 5559]
ZU: [479, 1126, 1458, 1566, 1698, 2626, 2838, 3179, 3406, 4450, 4714, 5130, 5803, 6386, 6430]
UA: [480, 2556, 2598, 2712, 3636, 5484, 6423]
YR: [482, 783, 1042, 2535, 4642, 6337]
XB: [485, 1413, 1625, 1709, 2549, 2882, 3689, 4181, 4229, 6089, 6536]
BE: [486, 1492, 2764, 2812, 3187, 3390, 3577, 4891, 6295]
ES: [487, 2128, 2252, 2563, 3188, 3512, 3784, 4843, 4879, 4892, 5492, 6370]
ZY: [491, 607, 811, 1879, 2107, 2335, 3693, 3957, 4507, 4729, 4905, 4965, 6067]
YS: [499, 1496, 1544, 2797, 3193, 3229, 3412, 3817, 4045, 5414, 5488, 6220]
FR: [501, 525, 927, 1016, 1575, 1820, 2456, 3332, 3357, 3621, 3740, 4352, 4419, 4724, 4731, 4755, 6306, 6360, 6540]
RO: [502, 1017, 1456, 1696, 1996, 2746, 2836, 3326, 4095, 4138, 4756]
RG: [514, 562, 1043, 1310, 1336, 1558, 1821, 2030, 3175, 3303, 3333, 3363, 3415, 3623, 3826, 3926, 4318, 4447, 4931, 4991, 5187, 5727, 6075, 6138, 6338, 6517]
DL: [517, 2652, 3355, 6562]
YO: [520, 1001, 1065, 1540, 1829, 2336, 2531, 2993, 3029, 3133, 3516, 4906, 4966, 5081, 5288, 5704, 6130, 6487]
OB: [521, 1541, 3041, 3629, 5504, 6017]
TW: [523, 859, 1157, 1711, 1867, 1939, 2647, 3043, 3919, 4687, 4922, 6128, 6233, 6238]
GY: [528, 816, 891, 1603, 2188, 2344, 2604, 3112, 3144, 3364, 3774, 3816, 4044, 4792, 5158, 5188, 6076, 6303]
NQ: [534, 5539, 6065]
QK: [535, 631, 1090, 1255, 2587, 3214, 3607, 3742, 4186, 4267, 4282, 4807, 4978, 5218, 5254, 5395, 5935, 6082, 6286]
XU: [539, 863, 1039, 4758, 4763, 5639, 5813]
UH: [540, 610, 613, 745, 757, 935, 1405, 1895, 2147, 2841, 3203, 4451, 4463, 4957, 5135, 5363, 5409, 5617, 5663, 6387, 6568]
HX: [541, 1120, 1204, 1744, 2725, 3289, 3649, 3673, 4000, 4249, 4669, 4777, 5002, 5065, 5293, 5377, 5569, 5785]
XH: [542, 1203, 1730, 2552, 5064]
OJ: [545, 1161, 2259, 5971]
JQ: [546, 6078, 6311]
AT: [550, 947, 1156, 3263, 4711, 5059, 5490]
KC: [554, 1680, 2018, 2063, 2300, 2844, 4727, 5039, 5051, 5868]
GJ: [559, 900, 1032, 1716, 2031, 2136, 2491, 2803, 2983, 3600, 3780, 4845, 4932]
MR: [561, 3170, 4446]
GT: [563, 723, 1139, 1472, 1772, 1980, 2060, 2183, 3827, 4340, 5108, 5552, 5576, 6186, 6407]
TZ: [564, 1030, 1954, 2050, 4316, 4980, 6507]
GO: [568, 1054, 1060, 1175, 1324, 1515, 1546, 1726, 1749, 2002, 2630, 2956, 3790, 4438, 4546, 4552, 5178, 5196, 5470, 5738, 5854, 6389]
OZ: [569, 629, 1303, 1457, 1697, 2631, 2837, 3405, 4133, 5105, 5129, 5321, 6282, 6432, 6444, 6550]
ZA: [570, 1063, 1427, 2023, 2158, 2910, 4126, 4207, 4883, 4981, 5635, 5683, 5857]
FH: [572, 584, 732, 920, 1232, 2528, 2700, 2756, 2924, 4328, 5121, 5816, 5996, 6195]
HJ: [573, 718, 5841, 6470]
KN: [575, 1073, 1847, 1931, 2241, 3683, 4847, 4919, 6230, 6530]
NC: [576, 605, 664, 767, 1504, 1949, 2867, 3616, 4367, 4379, 4408, 4544, 5633, 5687, 5764, 6556]
CI: [577, 665, 701, 1505, 1681, 2523, 2545, 2751, 2845, 3961, 4637, 5103, 5869, 6320]
GE: [580, 777, 2116, 3016, 3844, 4319, 5143, 5327, 5881, 6374]
HF: [585, 1929, 2925, 3051, 3165, 3536, 3728, 4153, 5192]
MT: [587, 3539, 4315, 4974, 5246]
TH: [588, 1869, 3012, 3540, 4454]
IN: [591, 2418, 2661, 3474, 3567, 5547, 5586]
ND: [592, 931, 1168, 3316, 3475, 3700, 3822, 4375, 4564, 5356, 5500, 5587]
DM: [593, 1169, 1289, 1397, 1913, 1915, 2480, 2561, 3308, 3317, 3701, 5437, 5501, 6140, 6548]
PX: [595, 642, 2641, 3109, 4129, 4597, 4717, 4945, 5641, 5929, 6352]
XF: [596, 4418, 6539]
BS: [598, 967, 1315, 2875, 3237, 6481]
FO: [602, 2518, 2926, 3034, 3976, 4132, 4174, 4232, 6154]
OA: [603, 761, 1149, 1329, 1409, 1590, 2112, 2453, 3273, 3507, 3573, 3831, 3879, 4077, 4169, 4233, 4575, 4649, 4817, 4821, 4827, 5145, 5454, 6402, 6438, 6440, 6558, 6572]
CZ: [606, 771, 1440, 2100, 4368, 4644, 4647, 4728, 5520, 5634, 5688, 6284, 6426]
YH: [608, 679, 1880, 2108, 2424, 2462, 2592, 3662, 3694, 4825, 5191]
HC: [611, 746, 758, 1406, 3076, 3524, 4646, 5615, 6023, 6569]
CU: [612, 744, 1248, 3276, 5448, 5616, 6204]
IA: [615, 1389, 1419, 2289, 2313, 2546, 2897, 2971, 3417, 3449, 3691, 3710, 3955, 4358, 4478, 4903, 5385, 5619, 5791, 5978]
MK: [619, 2083, 2299, 2383, 2671, 2731, 3895, 4663]
KO: [620, 779, 1178, 2111, 2339, 3047, 3294, 5421, 6437]
OL: [623, 653, 1176, 1596, 1997, 3048, 3991, 4392, 4721, 5119, 5460, 5537, 5592]
UU: [634, 1811, 2310, 2311, 2711, 5083, 5733, 6393, 6394]
QS: [636, 1022, 1272, 2431, 2932, 3388, 3706, 3866, 4584, 4954, 5332, 5532]
AV: [638, 1428, 1656, 1669, 1963, 2217, 2325, 2599, 2793, 4359, 4915, 4982, 5267, 5858, 6244]
SH: [644, 968, 3464, 4004, 4082, 4556, 5000, 6008]
HR: [645, 1117, 1335, 1647, 1731, 1741, 2439, 2463, 2739, 2785, 3465, 3765, 3807, 4009, 4023, 4083, 4093, 4299, 4497, 4557, 4707, 5169, 6364]
XE: [647, 2729, 5201, 6290, 6297]
TO: [652, 1148, 1351, 1595, 1738, 2918, 3392, 5459]
UL: [655, 1013, 1195, 1291, 1399, 1488, 2515, 2623, 2779, 3091, 4140, 4435, 4620, 4747, 5515, 5959, 6055]
CA: [660, 759, 768, 828, 888, 1368, 1407, 1521, 2277, 2307, 2361, 2460, 3197, 3285, 3300, 3360, 3420, 3423, 4071, 4119, 4257, 4380, 4635, 4683, 4857, 6495, 6498, 6570]
YG: [662, 2135, 4508, 6358, 6542]
LO: [668, 1616, 1786, 2318, 3506, 3722, 3830, 4076, 4820, 6163]
RS: [674, 831, 1082, 2542, 3142, 4910, 4963, 5260, 5942]
SQ: [675, 1135, 1365, 1497, 1851, 2163, 2253, 2543, 2656, 2673, 3135, 3194, 3707, 3897, 4245, 4335, 4665, 4773, 4935, 5055, 5949]
MI: [677, 1037, 2213, 3281, 4361, 4902, 5045]
IY: [678, 866, 1287, 1804, 2175, 2796, 3228, 3528, 3661, 3804, 4869, 5270]
IF: [681, 926, 1262, 1370, 1689, 1758, 2226, 2846, 2964, 3282, 3321, 4263, 5094, 5295, 6099, 6453]
LD: [688, 3124]
VN: [693, 819, 2853, 3453, 3981, 5886, 6045]
TP: [695, 948, 4491, 5832]
DQ: [703, 1422, 3869, 3930, 4565, 4602, 5033, 5357, 5393, 5753, 6042]
QC: [704, 770, 1448, 2544, 4036]
JI: [708, 2154, 3227, 3877, 3954, 4837, 6145]
SK: [715, 856, 1277, 1349, 1450, 2798, 3230, 4955]
JG: [719, 1424, 1514, 2939, 3491, 3959, 4559, 5006]
UX: [721, 999, 1127, 2881, 3349, 3937, 5555, 6316]
TB: [724, 1536, 1863, 2235, 2811, 4467, 5577, 6187]
BI: [725, 1132, 2610, 3690, 6188]
IP: [726, 2214, 2436, 4406, 5141, 6189, 6489]
PM: [727, 964, 978, 1027, 1218, 3126, 5022, 6026, 6190, 6332]
MO: [728, 1199, 1266, 1279, 1890, 2142, 6191, 6549]
KF: [731, 3107, 3314, 3620, 5077, 5315, 6194, 6293]
HW: [733, 1835, 2401, 2425, 3343, 3409, 3548, 4387, 6472]
YC: [743, 845, 1480, 4833, 5519, 6368, 6475]
EK: [754, 778, 1354, 1795, 1966, 3460, 3946, 3994, 4618, 5038, 5050, 5299, 5623, 5674, 5818, 5908]
AU: [762, 1194, 1410, 1722, 2275, 2898, 3886, 4258, 4858, 4867, 5514, 5732, 5958, 6054, 6126, 6573]
US: [763, 855, 1348, 2500, 3717, 3769, 5173, 5804, 6299, 6335, 6574]
OV: [773, 1200, 1360, 1727, 2315, 3328, 3557, 3605, 4196, 4227, 4697, 4949, 4967, 5561, 5933, 5999, 6131, 6155]
OH: [780, 2532]
HV: [781, 969, 1468, 1599, 1969, 2355, 2451, 2529, 2533, 2593, 2734, 3243, 3663, 3948, 4005, 4209, 4311, 4347, 4452, 4455, 4629, 4677, 4737, 4815, 5115, 5364, 5601, 5883, 6259, 6544]
VY: [782, 2244, 2406, 2530, 2534, 3244, 3498, 3664, 4312, 4348, 4738, 5346, 5884, 6219]
RN: [784, 1005, 2488, 2536, 2620, 2740, 2872, 3808, 4300, 4353, 4384, 4403, 4708, 4732, 5632]
NI: [785, 1045, 2446, 2902, 3809, 4306, 4354, 4404, 4810, 6560]
LK: [791, 1177, 1679, 2118, 3313, 3731, 3971, 6511]
QA: [799, 826, 886, 946, 1579, 1962, 2069, 3998, 4246, 4291, 4566, 4666, 4774, 4866, 5358, 5443, 5754, 6079]
WW: [806, 1244, 1586, 2102, 2615, 4166, 6209]
WN: [807, 1587, 4158, 6477]
XM: [809, 941, 1205, 4130, 5642]
WV: [818, 913, 2521, 2749]
MS: [822, 882, 1814, 1986, 2706, 3434, 3734, 4039, 4322, 5030]
SJ: [823, 883, 1305, 3403, 5342]
JO: [824, 884, 1376, 1442, 3250, 3404, 5536]
OQ: [825, 885, 945, 1179, 1185, 1325, 2003, 2229, 2303, 2333, 4205, 4439, 4547, 5253, 5471, 6390]
AC: [827, 887, 1719, 2360, 3284, 3853, 4432, 4523, 4636, 4684, 5447, 5925, 6004, 6015, 6425]
IR: [830, 1874, 3278, 3302, 3362, 4838, 5186, 6074]
BW: [833, 2203, 3401, 4165, 4495]
YL: [835, 3612, 3970]
CD: [846, 1950]
DX: [847]
CH: [849, 2349, 4803]
HT: [850, 1345, 2842, 5410]
KB: [857, 893, 2609, 3533, 4061, 4109, 5309, 5669, 5909]
FV: [861, 1077, 1080, 1762, 2205, 3177, 4656, 5940]
VI: [865, 2218, 2660, 2794, 3430, 4198, 4968, 5384]
NB: [868, 1660, 3881, 4301, 4709, 6175]
BV: [869, 1035, 1477, 2265, 2441, 4390, 5345, 5847]
YK: [892, 2351, 2585, 3046, 3106, 3145, 3851, 3940, 4739, 5668, 5746, 6059]
QJ: [895, 1375, 1423, 2467, 2772, 2952, 4243, 4603, 4771, 4836, 6113]
JE: [901, 1717, 3781, 4213, 4345]
RD: [904, 1576, 3247, 3520, 4156, 4702, 4942, 4960, 5404]
VW: [912, 1925, 2185, 3185, 4456, 4889, 6434, 6446, 6521]
FS: [916, 1084, 2071, 2476, 2848, 3130, 4264, 4951, 5944]
RZ: [928, 1125, 3154, 3910, 4725, 4882, 6361]
CN: [930, 2421, 5765]
WP: [933, 1779, 1836, 2379, 2616, 2781, 5985]
ME: [942, 1206, 1465, 1614, 2562, 2695, 3510, 4617, 4842, 5017, 6256]
UG: [951, 1687, 1807, 2698, 3381, 4063, 5449, 5911, 6061, 6205, 6253, 6340, 6395, 6421]
ZI: [961, 3025, 3527, 5185]
IC: [962, 2819, 2822, 4355]
CP: [963, 2301, 3324]
MC: [965, 2774, 2858, 2954, 3422, 4118, 4634, 4682, 6276, 6497]
UM: [976, 1189, 1249, 1753, 2221, 4441, 4470, 4549, 4973, 5509, 5953, 6049, 6255]
AW: [985, 1225, 1934, 3266, 3457, 4072, 4514]
WB: [986, 1226, 1340, 1484, 1797, 1926, 2408, 2648, 2727, 3186, 3260, 3500, 3549, 3675, 3920, 4251, 4473, 4484, 4593, 4671, 4779, 4890, 5067, 5348, 5571, 5787, 6347]
BN: [987, 1227, 1755, 3921, 4485, 6456]
FG: [991, 1112, 1263, 1532, 1724, 2715, 2877, 2943, 2998, 3082, 3166, 3667, 4059, 4534, 4568, 5296, 5720, 5756]
XY: [1000, 5413]
OK: [1002, 1018, 1024, 1516, 1830, 2957, 3101, 5182, 6292]
NO: [1006, 1328, 4122, 5591]
IH: [1008, 2498, 5748]
OU: [1012, 1750, 2525, 2753, 4115, 4139, 4325, 5082, 6392]
LM: [1014, 1196, 2057, 2705, 4722, 5044, 5797]
KE: [1019, 1823, 3481, 3995]
HQ: [1021, 1777, 3541]
SO: [1023, 2258, 3442, 3586, 5014]
VP: [1026, 1508, 2292, 3798, 5116, 5928, 6000, 6102, 6132, 6513]
LB: [1034, 4141]
IX: [1038, 3678, 4218]
UC: [1040, 2123, 2276, 3479, 4856]
NK: [1057, 1163, 2015, 4577]
VT: [1078, 1849, 2434, 2470, 3310, 3377, 3558, 3685, 4270, 4453, 4599, 4921, 5938, 6232, 6532, 6565]
XK: [1097, 3161, 3659, 4193, 4289, 5549, 5867]
XI: [1100, 1601, 1757, 2288, 2414, 3677, 4253, 5294]
EZ: [1102, 1363, 1493, 2006, 2813, 2908, 2966, 3905, 4222, 4363, 4874, 6034, 6344]
BB: [1108, 1384, 1864, 1865, 2202, 2236, 2883, 4468, 5194, 5361, 6552]
BM: [1109, 1654, 1985, 2081, 2669, 3385, 3538, 4030, 4090, 4841, 4864, 5980, 6090]
MU: [1110, 1230, 1290, 1398, 2514, 6442]
UF: [1111, 1231, 1387, 1459, 1699, 1701, 1723, 2207, 2839, 3379, 3715, 5151, 5407]
ZD: [1115, 3371, 5723, 6143, 6182, 6345]
DH: [1116, 1740]
OT: [1122, 2369, 4295]
SR: [1124, 1892, 2144, 2684, 3141, 4930, 4941]
AE: [1141, 2347, 2557, 2713, 3198, 3793, 4170, 4247, 4667, 4775, 4818, 5485]
FC: [1144, 2960, 3399, 4372, 4912, 4988, 5152, 5656, 5828, 5918, 6271]
FT: [1147, 3984, 4399]
WU: [1152, 1188, 1904, 2220, 3458, 5508, 5952, 6048]
BO: [1160, 1414, 3556, 5181, 5871, 5922]
JN: [1162, 1293, 1401, 1902, 5775]
LZ: [1166, 1565, 5137, 5418, 6149]
DT: [1171, 2285, 2444, 5204]
PG: [1174, 2173, 2374, 2506, 2702, 2782, 3007, 3014, 3111, 3787, 4411, 4861, 5142, 6010]
QT: [1180, 5700, 6096, 6451]
IT: [1182, 2387, 2810]
TE: [1183, 1981, 2471, 3059, 3070, 3241, 3985, 4103, 4487, 5491]
QG: [1186, 2164, 2674, 3009, 3773, 3795, 4042, 5019, 5177, 5311, 5551, 6373]
GW: [1187, 2885, 2940, 2944]
JR: [1191, 1923, 2032, 2192, 3183, 3861, 4887, 4990, 5343, 5511, 5637, 5955, 6051, 6378]
HM: [1198, 3280, 4512, 5090, 6399]
TM: [1216, 4795]
BC: [1247, 5074, 5770, 5920]
WR: [1257, 2426, 2643, 2886, 3057, 3093, 3234, 4101, 4688, 4962, 5517, 5961, 6057]
GX: [1270, 3658, 5350, 6206]
AS: [1276, 1300, 1420, 2113, 2257, 4032]
NH: [1283, 2784, 5568, 5784]
YD: [1288, 2176, 4601]
LJ: [1292, 1400, 1513, 2197]
GV: [1298, 1395, 1425, 1437, 1475, 1607, 1644, 1943, 2391, 2403, 2433, 2570, 2687, 2721, 3369, 3429, 4179, 4236, 4269, 5004, 5381, 5391, 5628, 5721, 5937, 6038, 6274, 6382, 6414, 6564]
RI: [1313, 2054, 2225, 2818, 3766, 4582, 5093, 5170, 5698]
FN: [1327, 1371, 1857, 1948, 2913, 3315, 4053, 5590]
KZ: [1331, 1620, 5100, 5544]
ZH: [1332, 4134, 4645, 6063]
ZX: [1357, 2413, 4417, 6199]
QR: [1366, 1557, 3195, 4137, 5034, 5661, 6213, 6324]
OY: [1377, 1479, 2037, 4588, 5085, 5197, 5289, 5703, 5835, 6474]
YU: [1378, 2309, 2962, 3838, 4493, 4786, 6116, 6410]
VZ: [1426, 2266, 2326, 2625, 2722, 3178, 3370, 4630, 4657, 4678, 5602, 5722, 5809, 6142, 6156, 6181]
VJ: [1429, 1645, 1763, 1909, 3226, 3490, 4237, 4765, 5005]
WZ: [1434, 1974, 2790, 3296, 4388, 5184, 5478, 5682, 5826, 6435, 6447]
PE: [1444, 2121, 2341, 6343]
ET: [1445, 1594, 1769, 2578, 2602, 3391, 5431, 5458]
KP: [1451, 1691, 2161, 2831, 3117, 3119, 3671, 3875, 4607]
QH: [1467, 1498, 1834, 2230, 3163, 3523, 3535, 3547, 3727, 5540, 6036, 6258]
VB: [1469, 1476, 1728, 1944, 4983, 5088, 5558, 6260]
BK: [1470, 1537, 1661, 2850, 3582, 4338, 4805, 4984]
QB: [1491, 2763, 3159, 5901, 6236, 6240, 6480]
ZM: [1494, 2658, 2665, 2694, 4117, 4590, 5982, 6150, 6508]
HA: [1499, 1896, 2148, 3204, 4135, 5664]
PH: [1501, 1776, 3075, 3408, 3672, 4008, 5905]
HS: [1502, 1802, 2650, 5906]
RK: [1511, 1619, 2830, 3172, 3712, 5482, 5879]
KL: [1512, 2539, 2743, 2851, 3085, 3461, 4537, 5112]
QV: [1519, 2239, 2405, 3873, 4147, 5223, 5383, 6526]
ZT: [1535, 4369, 5047]
YF: [1574, 2912, 3122, 4730]
NS: [1592, 1714, 2914, 3427, 3836, 3848, 4480, 4784, 4848, 5341, 5456, 5890]
OR: [1618, 1825]
XP: [1628, 3074, 3110, 3152, 4068, 6353]
XA: [1637, 2047, 2323, 5789, 6125]
AH: [1640, 1928, 2972, 3999, 4092, 4208, 4736, 5146, 5324, 5684, 5792]
HZ: [1642, 1870, 2482, 5122, 6109]
FD: [1672, 1912, 2680, 3544, 3916, 5584]
DB: [1673, 3384, 3917, 4164, 6123]
AL: [1675, 1897, 2149, 2209, 2317, 3205, 3253, 3451, 3637, 3721, 3901, 4333, 4753, 5665, 5713, 5893, 6484]
OD: [1685, 1739, 2682, 2994, 3030, 3211, 3929, 4554, 6041]
DU: [1686, 2921, 3979]
FK: [1690, 1920, 1930, 2160, 2296, 2338, 2596, 3292, 3619, 3967, 6100]
CE: [1720, 2019, 2381, 2465, 2634, 2859, 2907, 3625, 3904, 4221, 4719, 5646, 6369]
AD: [1735, 2284, 3067, 3868, 5032, 5071, 5767, 6523]
DC: [1736, 2357, 3068, 3248, 3932]
CT: [1737, 3069, 5285]
UT: [1751, 2627, 3011, 3239, 6127]
FE: [1759, 2965, 3783, 5673, 5800]
CF: [1761, 1911, 2358, 2679, 3525, 3915, 4371]
TQ: [1773, 1799, 5286, 6095]
EP: [1775, 3444, 3588, 3756, 4944, 5160, 5486]
PC: [1780, 2380, 2906, 3746, 5534]
XV: [1790, 1994, 3002, 3679, 4382, 4598, 5258, 5573, 6161]
RW: [1792, 2614, 3233, 5318]
BU: [1806, 2237, 4062, 4434, 4469, 5362, 5910, 6261]
MM: [1817, 1818, 2082, 2670, 3149, 3330, 3437, 4038, 4662, 5245, 5369, 5718, 6091, 6309]
IK: [1846, 2447, 3682, 4811, 4918, 5111, 6229, 6505, 6529]
NV: [1848, 2272, 3568, 3684, 3697, 3888, 4920, 5651, 5760, 5776, 6231, 6280, 6531]
ZK: [1859, 1975, 2027, 2483, 3088, 3455, 3871, 3923, 4019, 4606, 4627, 4675, 4726, 5106, 5599, 6427, 6436]
WT: [1868, 2103, 3584, 4365, 4539, 6210]
DJ: [1901, 2153, 3953, 6144, 6248, 6416]
JC: [1910, 2420, 3275, 3419, 3440, 4823]
SW: [1973, 4097, 5681, 5825]
ER: [1982, 3530, 5726]
UE: [2005, 3459]
LF: [2010, 3356, 4052, 4754, 5120]
WO: [2012, 2036, 2576, 5277, 6401, 6473]
QI: [2021, 2416, 3912, 5304, 5621, 6201]
NN: [2025, 3426]
YQ: [2039, 2771, 2951, 4562, 5189]
DG: [2059, 2177, 3483, 6406]
UD: [2095, 3383, 4531, 4759, 5440, 6547]
DZ: [2096, 4532, 4695, 4760, 5072, 5768]
EU: [2122, 2622, 3055, 4099, 4746, 6298]
RY: [2134, 2856, 3094, 3192, 3466, 3820, 5518, 5962, 6058, 6409, 6541]
JS: [2137, 2468, 3575, 4244, 4304, 4772, 4928, 5329, 5564, 5780, 5972, 6013]
PS: [2162, 2293, 2366, 4081, 5008, 5522, 5690, 6514]
GQ: [2165, 3008, 3099, 3927, 4293, 5865]
ZR: [2168, 2816, 2855, 3191, 3297, 3519, 3819, 4155, 4317, 6147, 6222, 6516]
RF: [2193, 2457, 2595]
NY: [2242, 2986, 3610, 5353, 5758]
KX: [2287, 2329, 3001, 3743, 4578, 5412]
CO: [2331, 6016, 6557]
EI: [2342, 5140, 5801]
HY: [2350, 5745, 6106]
LP: [2365, 2516, 2905, 2980, 3613, 3745]
TL: [2388, 2628, 4296, 4800, 6120]
LE: [2389, 4621, 4878]
ON: [2394, 2639, 5686]
NG: [2399, 3023, 3335, 3395, 3815, 4415, 4751, 5243, 5339, 5527]
NJ: [2419, 2422, 2537, 2741, 3504, 4212]
TN: [2445, 4366, 4809, 5205, 5526]
MN: [2486]
NR: [2487, 4909, 5878]
PF: [2517]
HD: [2560]
KD: [2582]
PT: [2617]
TD: [2618]
EX: [2635, 5812, 6296]
BH: [2649, 3987, 4150, 5089, 6022]
TC: [2678, 4370, 5284, 6494]
DO: [2681, 5468, 5724, 6183]
VH: [2738, 2978, 3342, 3554, 3764, 4148, 5168, 5292, 5376, 5614, 6105]
CC: [2775, 3747, 3933, 5657]
YT: [2777, 5273, 5371]
MW: [2789, 4160, 5497, 6400]
GA: [2792, 2862, 3200, 3262, 4124, 4752, 5058, 5266, 5742, 5892, 5924, 6483]
ZF: [2814, 4533, 5827, 6270]
YM: [2857, 3775, 4459]
LN: [2866, 5538]
DI: [2893, 3212, 4217, 5585]
PJ: [2928, 3036, 3876, 5779, 6012]
PI: [2930, 3038, 3445, 3448, 3589, 3592, 3757, 3989, 5161, 5862, 6133, 6197]
SY: [2950, 3045, 3105, 3754, 3837, 3969, 4641, 4785, 5667, 6336, 6486]
UZ: [2974, 3493, 4116, 5734, 5794]
HL: [2979, 4527, 5043, 5136, 5325, 6510]
JA: [2984, 4016, 5711]
VE: [3003, 5262]
YX: [3073]
LI: [3086, 3992, 4436, 5807, 6073]
WK: [3116, 3374, 5420]
ML: [3127, 4471, 4591, 5023, 5983, 6151]
SC: [3131, 3903, 3914]
DV: [3225, 3489, 4215, 6031]
TT: [3240, 4799, 5553, 6493]
WC: [3410, 4457, 4802]
IU: [3431]
BJ: [3439, 5710]
YP: [3468, 4596]
EE: [3511]
HK: [3532]
NU: [3565, 4972]
JX: [3601, 4933]
WI: [3603, 5221, 5319, 5546, 5931, 6504]
EJ: [3634, 4927, 5328]
JU: [3635, 3768, 5172, 6114, 6334]
CW: [3748, 3854, 5153, 6476]
TJ: [3828]
WJ: [3860, 4344]
YJ: [3958, 4162, 6077, 6107]
XN: [4013, 5069]
CM: [4037, 4409, 4661, 5658, 6308]
BD: [4142]
XX: [4219, 5063, 5608]
QP: [4241, 4769, 5696, 5778]
TR: [4341, 4540, 4881, 6408]
PY: [4492, 5487]
JB: [4604]
CX: [4834, 6277]
YA: [5198, 5271]
JZ: [5216, 6249, 6417]
MX: [5257]
ZE: [5322, 5898, 6448]
HE: [5463, 5817]
LL: [5530]
SX: [5607]
DK: [5851]
XR: [6137]
Z1: [6157]
10: [6158]
00: [6159]
0X: [6160]
